301 087 089 081 000
019 064 089 054 000
045 041 089 036 000
056 033 089 034 000
056 033 089 034 000
056 033 089 034 000
056 033 089 034 000
056 033 089 034 000
056 033 089 034 000
056 033 089 034 000
056 033 089 034 000
056 033 089 034 000
056 033 089 034 000
056 033 089 034 000
056 033 089 034 000
056 033 089 034 000
056 033 089 034 000
056 033 089 034 000
056 033 089 034 000
056 033 089 034 000
056 033 089 034 000
056 033 089 034 000
056 033 089 034 000
056 033 089 034 000
056 033 089 034 000
056 033 089 034 000
056 033 089 034 000
056 033 089 034 000
056 033 089 034 000
056 033 089 034 000
056 033 089 034 000
056 033 089 034 000
056 033 089 034 000
056 033 089 034 000
056 033 089 034 000
056 033 089 034 000
056 033 089 034 000
056 033 089 034 000
056 033 089 034 000
056 033 089 034 000
056 033 089 034 000
056 033 089 034 000
056 033 089 034 000
056 033 089 034 000
056 033 089 034 000
056 033 089 034 000
064 138 224 189 000
261 352 224 152 000
224 358 224 145 000
225 359 224 145 000
226 359 224 145 000
226 359 224 145 000
226 359 224 145 000
225 359 224 145 000
225 359 224 145 000
225 359 224 144 000
225 359 224 144 000
225 359 224 144 000
226 359 224 144 000
226 359 224 145 000
226 359 224 145 000
225 359 224 145 000
225 359 224 144 000
225 359 224 144 000
226 359 224 144 000
226 359 224 145 000
226 359 224 145 000
225 359 224 144 000
225 359 224 144 000
225 359 224 144 000
226 359 224 145 000
226 359 224 145 000
225 359 224 145 000
225 359 224 144 000
225 359 224 144 000
226 359 224 145 000
226 359 224 145 000
226 359 224 145 000
225 359 224 145 000
225 359 224 144 000
225 359 224 144 000
226 359 224 144 000
226 359 224 145 000
226 359 224 145 000
225 359 224 145 000
225 359 224 144 000
225 359 224 144 000
226 359 224 145 000
226 359 224 145 000
226 359 224 145 000
225 359 224 144 000
225 359 224 144 000
226 359 224 144 000
226 359 224 145 000
226 359 224 145 000
225 359 224 145 000
225 359 224 144 000
225 359 224 144 000
226 359 224 144 000
226 359 224 145 000
226 359 224 145 000
225 359 224 145 000
225 359 224 144 000
225 359 224 144 000
226 359 224 145 000
226 359 224 145 000
225 359 224 144 000
225 359 224 144 000
225 359 224 144 000
226 359 224 145 000
226 359 224 145 000
225 359 224 145 000
225 359 224 144 000
225 359 224 144 000
226 359 224 144 000
226 359 224 145 000
225 359 224 145 000
225 359 224 144 000
225 359 224 144 000
226 359 224 155 000
000 224 224 255 000
000 224 224 255 000
000 224 224 255 000
059 108 224 049 000
324 352 224 141 000
313 352 224 086 000
243 352 224 042 000
204 021 224 050 000
207 016 224 045 000
210 014 224 045 000
210 014 224 045 000
210 014 224 045 000
210 014 224 045 000
210 014 224 045 000
210 014 224 045 000
210 014 224 045 000
210 014 224 045 000
210 014 224 045 000
210 014 224 045 000
210 014 224 045 000
210 014 224 045 000
210 014 224 045 000
210 014 224 045 000
210 014 224 045 000
210 014 224 045 000
210 014 224 045 000
210 014 224 045 000
210 014 224 045 000
210 014 224 045 000
210 014 224 045 000
210 014 224 045 000
210 014 224 045 000
210 014 224 045 000
210 014 224 045 000
210 014 224 045 000
210 014 224 045 000
210 014 224 045 000
210 014 224 045 000
210 014 224 045 000
210 014 224 045 000
210 014 224 045 000
210 014 224 045 000
210 014 224 045 000
210 171 089 125 000
168 171 089 067 000
093 006 089 048 000
069 020 089 051 000
069 020 089 051 000
069 020 089 051 000
069 020 089 051 000
069 020 089 051 000
069 020 089 051 000
069 020 089 051 000
069 020 089 051 000
069 020 089 051 000
069 020 089 183 000
000 192 224 081 000
214 052 224 051 000
268 352 224 070 000
269 352 224 055 000
244 352 224 043 000
238 352 224 043 000
238 352 224 043 000
238 352 224 043 000
238 352 224 043 000
238 352 224 043 000
238 352 224 043 000
238 352 224 043 000
238 352 224 043 000
238 352 224 043 000
238 352 224 043 000
229 171 089 102 000
122 171 089 045 000
057 036 089 068 000
055 032 089 058 000
068 029 089 047 000
075 014 089 045 000
075 014 089 045 000
075 014 089 045 000
075 014 089 045 000
075 014 089 045 000
075 014 089 045 000
075 014 089 045 000
075 014 089 045 000
075 014 089 045 000
075 014 089 045 000
075 014 089 045 000
075 147 224 157 000
149 055 224 058 000
238 352 224 068 000
264 352 224 063 000
253 352 224 051 000
242 352 224 045 000
240 352 224 045 000
240 352 224 045 000
240 352 224 045 000
240 352 224 045 000
240 352 224 045 000
240 352 224 045 000
240 352 224 045 000
240 352 224 045 000
240 352 224 045 000
240 352 224 045 000
240 352 224 045 000
240 352 224 045 000
240 352 224 045 000
240 352 224 045 300
021 062 089 052 000
048 038 089 033 000
059 029 089 030 000
060 029 089 030 000
060 029 089 030 000
060 029 089 030 000
060 029 089 030 000
060 029 089 030 000
060 029 089 030 000
060 029 089 030 000
060 029 089 030 000
060 029 089 030 000
060 029 089 030 000
060 029 089 030 000
060 029 089 030 000
060 029 089 030 000
060 029 089 030 000
060 029 089 030 000
060 029 089 030 000
060 029 089 030 000
060 029 089 030 000
060 029 089 030 000
060 029 089 030 000
060 029 089 030 000
060 029 089 030 000
060 029 089 030 000
060 029 089 030 000
060 029 089 030 000
060 029 089 030 000
060 029 089 030 000
060 029 089 030 000
060 029 089 030 000
060 029 089 030 000
060 029 089 030 000
060 029 089 030 000
060 029 089 030 000
060 029 089 030 000
060 029 089 030 000
060 029 089 030 000
060 162 224 255 000
227 357 224 168 000
212 359 224 154 000
226 359 224 154 000
226 359 224 154 000
226 359 224 155 000
226 359 224 155 000
225 359 224 155 000
225 359 224 154 000
225 359 224 154 000
226 359 224 154 000
226 359 224 155 000
226 359 224 155 000
225 359 224 155 000
225 359 224 154 000
225 359 224 154 000
225 359 224 154 000
226 359 224 154 000
226 359 224 155 000
226 359 224 155 000
225 359 224 155 000
225 359 224 154 000
225 359 224 154 000
226 359 224 154 000
226 359 224 155 000
226 359 224 155 000
225 359 224 155 000
225 359 224 154 000
225 359 224 154 000
226 359 224 154 000
226 359 224 155 000
226 359 224 155 000
225 359 224 155 000
225 359 224 154 000
225 359 224 154 000
225 359 224 154 000
226 359 224 155 000
226 359 224 155 000
178 171 089 142 000
050 028 089 126 000
104 358 089 123 000
088 359 089 120 000
091 359 089 120 000
091 359 089 120 000
091 359 089 119 000
091 359 089 120 000
090 359 089 110 000
091 359 089 129 000
090 359 089 120 000
091 359 089 119 000
090 359 089 120 000
091 359 089 119 000
090 359 089 120 000
091 359 089 119 000
090 359 089 120 000
091 359 089 110 000
091 359 089 129 000
090 359 089 120 000
091 359 089 119 000
090 359 089 120 000
091 359 089 119 000
091 359 089 129 000
090 359 089 110 000
091 359 089 119 000
090 359 089 120 000
091 359 089 119 000
091 359 089 129 000
090 359 089 120 000
091 359 089 119 000
090 359 089 120 000
091 359 089 110 000
091 359 089 119 000
090 359 089 120 000
091 359 089 110 000
091 359 089 129 000
090 359 089 120 000
091 359 089 119 000
090 359 089 129 000
090 359 089 120 000
091 359 089 119 000
090 359 089 120 000
090 359 089 120 000
091 359 089 119 000
090 359 089 129 000
090 359 089 120 000
091 359 089 120 000
091 359 089 120 000
091 359 089 120 000
091 359 089 120 000
091 359 089 120 000
091 359 089 120 000
091 359 089 120 000
091 359 089 120 000
091 359 089 120 000
090 359 089 120 000
091 359 089 119 000
091 359 089 119 000
090 359 089 120 000
091 359 089 110 000
091 359 089 119 000
090 359 089 120 000
091 359 089 110 000
091 359 089 119 000
090 359 089 120 000
090 359 089 120 000
091 359 089 119 000
091 359 089 119 000
090 359 089 120 000
090 359 089 120 000
091 359 089 119 000
091 359 089 129 000
090 359 089 120 000
091 359 089 110 000
091 359 089 119 000
090 359 089 120 000
091 359 089 110 000
091 359 089 119 000
090 359 089 129 000
090 359 089 120 000
091 359 089 110 000
091 359 089 119 000
090 359 089 129 000
090 359 089 120 000
091 359 089 110 000
091 359 089 119 000
090 359 089 129 000
090 359 089 120 000
091 359 089 119 000
091 359 089 119 000
090 359 089 120 000
091 359 089 120 000
091 359 089 119 000
090 359 089 129 000
090 359 089 120 000
091 359 089 110 000
091 359 089 119 000
090 359 089 120 000
090 359 089 120 000
091 359 089 119 000
091 359 089 119 000
090 359 089 120 000
090 359 089 120 000
091 359 089 119 000
091 359 089 129 000
090 359 089 120 000
091 359 089 110 000
091 359 089 119 000
091 359 089 119 000
090 359 089 120 000
091 359 089 110 000
091 359 089 119 000
090 359 089 120 000
090 359 089 120 000
091 359 089 119 000
091 359 089 119 000
090 359 089 120 000
090 359 089 120 000
091 359 089 119 000
090 359 089 119 000
090 359 089 119 000
090 359 089 119 000
090 359 089 119 000
090 359 089 119 000
090 359 089 119 000
090 359 089 119 000
090 359 089 119 000
090 359 089 119 000
090 359 089 119 000
090 359 089 119 000
090 359 089 119 000
090 359 089 119 000
090 359 089 119 000
090 359 089 119 000
090 359 089 119 000
090 359 089 119 000
090 359 089 119 000
090 359 089 119 000
090 359 089 119 000
090 359 089 119 000
090 359 089 119 000
090 359 089 119 000
090 359 089 119 000
090 359 089 119 000
090 359 089 119 000
090 359 089 119 000
090 359 089 119 000
090 359 089 119 000
090 359 089 119 000
090 359 089 119 000
090 359 089 119 000
090 359 089 119 000
090 359 089 119 000
090 359 089 119 000
090 359 089 120 000
091 359 089 119 000
091 359 089 119 000
090 359 089 120 000
091 359 089 119 000
091 359 089 129 000
090 359 089 120 000
091 359 089 119 000
090 359 089 129 000
090 359 089 120 000
091 359 089 119 000
090 359 089 120 000
090 359 089 110 000
091 359 089 119 000
090 359 089 120 000
091 359 089 119 000
091 359 089 129 000
090 359 089 120 000
091 359 089 119 000
090 359 089 129 000
090 359 089 120 000
091 359 089 119 000
091 359 089 119 000
090 359 089 120 000
091 359 089 110 000
091 359 089 119 000
090 359 089 120 000
090 359 089 120 000
091 359 089 120 000
091 359 089 120 000
091 359 089 110 000
091 359 089 119 000
090 359 089 120 000
090 359 089 120 000
091 359 089 119 000
091 359 089 119 000
090 359 089 120 000
091 359 089 120 000
091 359 089 120 000
091 359 089 120 000
091 359 089 120 000
091 359 089 120 000
091 359 089 120 000
091 359 089 120 000
091 359 089 120 000
091 359 089 120 000
091 359 089 120 000
091 359 089 120 000
091 359 089 120 000
091 359 089 119 000
090 359 089 129 000
090 359 089 120 000
091 359 089 119 000
091 359 089 119 000
090 359 089 120 000
091 359 089 110 000
091 359 089 119 000
090 359 089 120 000
090 359 089 120 000
091 359 089 119 000
090 359 089 129 000
090 359 089 120 000
091 359 089 119 000
091 359 089 119 000
090 359 089 120 000
091 359 089 110 000
091 359 089 119 000
090 359 089 120 000
090 359 089 120 000
091 359 089 119 000
091 359 089 119 000
090 359 089 120 000
091 359 089 110 000
091 359 089 119 000
090 359 089 129 000
090 359 089 120 000
091 359 089 119 000
091 359 089 119 000
090 359 089 120 000
090 359 089 120 000
091 359 089 119 000
091 359 089 119 000
090 359 089 120 000
090 359 089 120 000
091 359 089 119 000
091 359 089 119 000
090 359 089 120 000
090 359 089 120 000
091 359 089 119 000
091 359 089 119 000
090 359 089 120 000
090 359 089 120 000
091 359 089 119 000
091 359 089 129 000
090 359 089 120 000
091 359 089 110 000
091 359 089 119 000
090 359 089 129 000
090 359 089 120 000
091 359 089 110 000
091 359 089 119 000
090 359 089 120 000
090 359 089 120 000
091 359 089 119 000
091 359 089 119 000
090 359 089 120 000
091 359 089 110 000
091 359 089 119 000
090 359 089 129 000
090 359 089 120 000
091 359 089 110 000
091 359 089 119 000
090 359 089 129 000
090 359 089 120 000
091 359 089 119 000
091 359 089 119 000
090 359 089 120 000
091 359 089 120 000
091 359 089 119 000
091 359 089 119 000
090 359 089 120 000
091 359 089 110 000
091 359 089 119 000
091 359 089 129 000
090 359 089 120 000
090 359 089 120 000
091 359 089 119 000
090 359 089 129 000
090 359 089 120 000
091 359 089 110 000
091 359 089 119 000
090 359 089 129 000
090 359 089 120 000
091 359 089 110 000
091 359 089 119 000
090 359 089 129 000
090 359 089 120 000
091 359 089 110 000
091 359 089 119 000
090 359 089 120 000
090 359 089 120 000
091 359 089 119 000
091 359 089 119 000
090 359 089 120 000
090 359 089 120 000
091 359 089 119 000
091 359 089 119 000
090 359 089 120 000
090 359 089 120 000
091 359 089 119 000
090 359 089 129 000
090 359 089 120 000
091 359 089 110 000
091 359 089 119 000
090 359 089 129 000
090 359 089 120 000
091 359 089 110 000
091 359 089 119 000
090 359 089 129 000
090 359 089 120 000
091 359 089 110 000
091 359 089 119 000
090 359 089 120 000
090 359 089 120 000
091 359 089 119 000
091 359 089 119 000
090 359 089 120 000
091 359 089 110 000
091 359 089 119 000
090 359 089 129 000
090 359 089 120 000
091 359 089 110 000
091 359 089 119 000
090 359 089 120 000
090 359 089 120 000
091 359 089 119 000
091 359 089 119 000
090 359 089 120 000
091 359 089 110 000
091 359 089 119 000
090 359 089 129 000
090 359 089 120 000
091 359 089 110 000
091 359 089 119 000
090 359 089 120 000
090 359 089 120 000
091 359 089 119 000
091 359 089 119 000
090 359 089 120 000
090 359 089 120 000
091 359 089 119 000
091 359 089 119 000
090 359 089 120 000
090 359 089 120 000
091 359 089 119 000
090 359 089 129 000
090 359 089 120 000
091 359 089 110 000
091 359 089 119 000
090 359 089 120 000
090 359 089 120 000
091 359 089 119 000
091 359 089 129 000
090 359 089 120 000
091 359 089 110 000
091 359 089 119 000
090 359 089 129 000
090 359 089 120 000
091 359 089 110 000
091 359 089 119 000
090 359 089 120 000
090 359 089 120 000
091 359 089 119 000
091 359 089 119 000
090 359 089 120 000
090 359 089 120 000
091 359 089 119 000
091 359 089 119 000
090 359 089 120 000
091 359 089 110 000
091 359 089 119 000
090 359 089 120 000
090 359 089 120 000
091 359 089 119 000
091 359 089 119 000
090 359 089 120 000
090 359 089 120 000
091 359 089 119 000
091 359 089 129 000
090 359 089 120 000
091 359 089 110 000
091 359 089 119 000
090 359 089 129 000
090 359 089 120 000
091 359 089 119 000
091 359 089 119 000
090 359 089 120 000
090 359 089 120 000
091 359 089 119 000
090 359 089 129 000
090 359 089 120 000
091 359 089 110 000
091 359 089 119 000
090 359 089 120 000
090 359 089 120 000
091 359 089 119 000
091 359 089 119 000
090 359 089 129 000
090 359 089 120 000
091 359 089 110 000
091 359 089 119 000
090 359 089 120 000
090 359 089 120 000
091 359 089 119 000
091 359 089 119 000
090 359 089 120 000
090 359 089 110 000
091 359 089 119 000
090 359 089 129 000
090 359 089 120 000
091 359 089 110 000
091 359 089 119 000
090 359 089 129 000
090 359 089 120 000
091 359 089 110 000
091 359 089 119 000
090 359 089 120 000
091 359 089 110 000
091 359 089 119 000
090 359 089 129 000
090 359 089 120 000
091 359 089 110 000
091 359 089 119 000
090 359 089 129 000
090 359 089 120 000
091 359 089 110 000
091 359 089 119 000
090 359 089 129 000
090 359 089 120 000
091 359 089 119 000
091 359 089 119 000
090 359 089 120 000
091 359 089 110 000
091 359 089 119 000
090 359 089 129 000
090 359 089 120 000
091 359 089 110 000
091 359 089 119 000
090 359 089 129 000
090 359 089 120 000
091 359 089 110 000
091 359 089 119 000
091 359 089 129 000
090 359 089 120 000
091 359 089 110 000
091 359 089 119 000
090 359 089 129 000
090 359 089 120 000
091 359 089 110 000
091 359 089 119 000
090 359 089 129 000
090 359 089 120 000
091 359 089 119 000
091 359 089 119 000
090 359 089 120 000
090 359 089 120 000
091 359 089 119 000
091 359 089 129 000
090 359 089 120 000
091 359 089 110 000
091 359 089 119 000
090 359 089 120 000
090 359 089 120 000
091 359 089 110 000
091 359 089 119 000
090 359 089 129 000
090 359 089 120 000
091 359 089 110 000
091 359 089 119 000
090 359 089 129 000
090 359 089 120 000
091 359 089 119 000
091 359 089 119 000
090 359 089 120 000
090 359 089 120 000
091 359 089 119 000
091 359 089 119 000
090 359 089 120 000
090 359 089 110 000
091 359 089 119 000
090 359 089 129 000
090 359 089 120 000
091 359 089 110 000
091 359 089 119 000
090 359 089 129 000
090 359 089 120 000
091 359 089 119 000
091 359 089 119 000
090 359 089 129 000
090 359 089 120 000
091 359 089 119 000
091 359 089 129 000
090 359 089 120 000
091 359 089 110 000
091 359 089 119 000
090 359 089 129 000
090 359 089 120 000
091 359 089 110 000
091 359 089 119 000
090 359 089 120 000
090 359 089 120 000
091 359 089 110 000
091 359 089 119 000
090 359 089 129 000
090 359 089 120 000
091 359 089 119 000
091 359 089 119 000
090 359 089 120 000
090 359 089 110 000
091 359 089 119 000
090 359 089 129 000
090 359 089 120 000
091 359 089 110 000
091 359 089 119 000
091 359 089 129 000
090 359 089 120 000
091 359 089 110 000
091 359 089 119 000
090 359 089 129 000
090 359 089 120 000
091 359 089 119 000
091 359 089 119 000
090 359 089 120 000
091 359 089 110 000
091 359 089 119 000
090 359 089 129 000
090 359 089 120 000
090 359 089 120 000
091 359 089 119 000
091 359 089 119 000
090 359 089 120 000
090 359 089 120 000
091 359 089 119 000
091 359 089 119 000
090 359 089 120 000
090 359 089 110 000
091 359 089 119 000
090 359 089 129 000
090 359 089 120 000
091 359 089 110 000
091 359 089 119 000
090 359 089 129 000
090 359 089 120 000
090 359 089 120 000
091 359 089 119 000
091 359 089 119 000
090 359 089 120 000
090 359 089 120 000
091 359 089 119 000
090 359 089 129 000
090 359 089 120 000
091 359 089 110 000
091 359 089 119 000
090 359 089 129 000
090 359 089 120 000
091 359 089 110 000
091 359 089 119 000
090 359 089 129 000
090 359 089 120 000
091 359 089 110 000
091 359 089 119 000
090 359 089 129 000
090 359 089 120 000
091 359 089 110 000
091 359 089 119 000
090 359 089 129 000
090 359 089 120 000
091 359 089 120 000
091 359 089 119 000
090 359 089 129 000
090 359 089 120 000
091 359 089 110 000
091 359 089 119 000
090 359 089 129 000
090 359 089 120 000
091 359 089 119 000
091 359 089 119 000
090 359 089 120 000
091 359 089 120 000
091 359 089 119 000
091 359 089 129 000
090 359 089 120 000
091 359 089 110 000
091 359 089 119 000
090 359 089 129 000
090 359 089 120 000
091 359 089 110 000
091 359 089 119 000
090 359 089 129 000
090 359 089 120 000
091 359 089 110 000
091 359 089 119 000
090 359 089 129 000
090 359 089 120 000
091 359 089 110 000
091 359 089 119 000
090 359 089 120 000
090 359 089 120 000
091 359 089 119 000
091 359 089 119 000
090 359 089 120 000
091 359 089 110 000
091 359 089 119 000
090 359 089 129 000
090 359 089 120 000
091 359 089 119 000
091 359 089 119 000
090 359 089 120 000
090 359 089 120 000
091 359 089 119 000
091 359 089 129 000
090 359 089 120 000
091 359 089 110 000
091 359 089 119 000
090 359 089 129 000
090 359 089 120 000
091 359 089 119 000
091 359 089 119 000
090 359 089 120 000
090 359 089 120 000
091 359 089 119 000
091 359 089 119 000
090 359 089 120 000
090 359 089 120 000
091 359 089 119 000
091 359 089 129 000
090 359 089 120 000
091 359 089 110 000
091 359 089 119 000
091 359 089 119 000
090 359 089 120 000
091 359 089 110 000
091 359 089 119 000
090 359 089 129 000
090 359 089 120 000
091 359 089 110 000
091 359 089 119 000
090 359 089 120 000
090 359 089 120 000
091 359 089 119 000
091 359 089 119 000
090 359 089 120 000
090 359 089 110 000
091 359 089 119 000
090 359 089 129 000
090 359 089 120 000
091 359 089 110 000
091 359 089 119 000
090 359 089 120 000
090 359 089 120 000
091 359 089 119 000
091 359 089 129 000
090 359 089 120 000
091 359 089 120 000
091 359 089 119 000
090 359 089 129 000
090 359 089 120 000
091 359 089 110 000
091 359 089 119 000
090 359 089 129 000
090 359 089 120 000
091 359 089 119 000
090 359 089 119 000
090 359 089 119 000
090 359 089 119 000
090 359 089 119 000
090 359 089 119 000
090 359 089 119 000
090 359 089 119 000
090 359 089 119 000
090 359 089 119 000
090 359 089 119 000
090 359 089 119 000
090 359 089 119 000
090 359 089 119 000
090 359 089 119 000
090 359 089 119 000
090 359 089 119 000
090 359 089 119 000
090 359 089 119 000
090 359 089 119 000
090 359 089 119 000
090 359 089 119 000
090 359 089 119 000
090 359 089 119 000
090 359 089 119 000
090 359 089 119 000
090 359 089 119 000
090 359 089 119 000
090 359 089 119 000
090 359 089 119 000
090 359 089 119 000
090 359 089 119 000
090 359 089 119 000
090 359 089 119 000
090 359 089 119 000
090 359 089 119 000
090 359 089 119 000
090 359 089 119 000
090 359 089 119 000
090 359 089 119 000
090 359 089 119 000
090 359 089 119 000
090 359 089 119 000
090 359 089 119 000
090 359 089 119 000
090 359 089 119 000
090 359 089 119 000
090 359 089 119 000
090 359 089 119 000
090 359 089 119 000
090 359 089 119 000
090 359 089 119 000
090 359 089 119 000
090 359 089 119 000
090 359 089 119 000
090 359 089 119 000
090 359 089 119 000
090 359 089 119 000
090 359 089 119 000
090 359 089 119 000
090 359 089 119 000
090 359 089 129 000
090 359 089 120 000
091 359 089 119 000
091 359 089 119 000
090 359 089 120 000
090 359 089 120 000
091 359 089 119 000
091 359 089 119 000
090 359 089 120 000
090 359 089 120 000
091 359 089 119 000
091 359 089 119 000
090 359 089 120 000
090 359 089 120 000
091 359 089 120 000
091 359 089 120 000
091 359 089 120 000
091 359 089 120 000
091 359 089 120 000
091 359 089 120 000
091 359 089 120 000
091 359 089 120 000
091 359 089 120 000
091 359 089 120 000
091 359 089 120 000
091 359 089 120 000
091 359 089 120 000
091 359 089 120 000
091 359 089 120 000
091 359 089 120 000
091 359 089 120 000
091 359 089 120 000
091 359 089 120 000
091 359 089 120 000
091 359 089 120 000
091 359 089 120 000
091 359 089 120 000
091 359 089 120 000
091 359 089 120 000
091 359 089 120 000
091 359 089 120 000
091 359 089 120 000
091 359 089 120 000
091 359 089 120 000
091 359 089 120 000
091 359 089 120 000
091 359 089 120 000
091 359 089 120 000
091 359 089 120 000
091 359 089 120 000
091 359 089 120 000
091 359 089 120 000
091 359 089 120 000
091 359 089 120 000
091 359 089 120 000
091 359 089 120 000
091 359 089 120 000
091 359 089 120 000
091 359 089 120 000
091 359 089 120 000
091 359 089 120 000
091 359 089 120 000
091 359 089 120 000
091 359 089 120 000
091 359 089 120 000
091 359 089 120 000
091 359 089 120 000
091 359 089 119 000
090 359 089 110 000
091 359 089 119 000
090 359 089 129 000
090 359 089 120 000
091 359 089 119 000
091 359 089 120 000
091 359 089 129 000
090 359 089 129 000
090 359 089 120 000
091 359 089 110 000
091 359 089 119 000
090 359 089 120 000
091 359 089 120 000
091 359 089 110 000
091 359 089 119 000
090 359 089 120 000
091 359 089 110 000
091 359 089 119 000
090 359 089 129 000
090 359 089 120 000
091 359 089 119 000
091 359 089 119 000
090 359 089 120 000
090 359 089 120 000
091 359 089 110 000
091 359 089 119 000
090 359 089 120 000
090 359 089 120 000
091 359 089 119 000
091 359 089 119 000
090 359 089 120 000
090 359 089 120 000
091 359 089 119 000
090 359 089 129 000
090 359 089 120 000
091 359 089 110 000
091 359 089 119 000
090 359 089 129 000
090 359 089 120 000
091 359 089 119 000
091 359 089 119 000
090 359 089 120 000
090 359 089 120 000
091 359 089 119 000
090 359 089 129 000
090 359 089 120 000
091 359 089 110 000
091 359 089 119 000
090 359 089 129 000
090 359 089 120 000
091 359 089 119 000
091 359 089 119 000
090 359 089 120 000
090 359 089 120 000
091 359 089 119 000
090 359 089 129 000
090 359 089 120 000
091 359 089 119 000
091 359 089 119 000
090 359 089 120 000
090 359 089 120 000
091 359 089 119 000
091 359 089 119 000
090 359 089 120 000
090 359 089 110 000
091 359 089 119 000
090 359 089 129 000
090 359 089 120 000
090 359 089 110 000
091 359 089 119 000
090 359 089 129 000
090 359 089 120 000
091 359 089 110 000
091 359 089 119 000
090 359 089 129 000
090 359 089 120 000
091 359 089 110 000
091 359 089 119 000
090 359 089 120 000
090 359 089 120 000
091 359 089 110 000
091 359 089 119 000
090 359 089 120 000
090 359 089 120 000
091 359 089 119 000
090 359 089 129 000
090 359 089 120 000
091 359 089 110 000
091 359 089 119 000
090 359 089 129 000
090 359 089 120 000
091 359 089 110 000
091 359 089 119 000
090 359 089 120 000
090 359 089 120 000
091 359 089 119 000
091 359 089 129 000
090 359 089 120 000
091 359 089 110 000
091 359 089 119 000
090 359 089 129 000
090 359 089 120 000
091 359 089 119 000
091 359 089 119 000
090 359 089 129 000
090 359 089 120 000
091 359 089 110 000
091 359 089 119 000
090 359 089 129 000
090 359 089 120 000
091 359 089 110 000
091 359 089 119 000
090 359 089 129 000
090 359 089 120 000
091 359 089 110 000
091 359 089 119 000
090 359 089 120 000
090 359 089 120 000
091 359 089 119 000
091 359 089 119 000
090 359 089 120 000
090 359 089 120 000
091 359 089 119 000
091 359 089 129 000
090 359 089 120 000
091 359 089 110 000
091 359 089 119 000
090 359 089 120 000
090 359 089 120 000
091 359 089 119 000
091 359 089 119 000
090 359 089 120 000
091 359 089 110 000
091 359 089 119 000
091 359 089 129 000
090 359 089 120 000
091 359 089 110 000
091 359 089 119 000
090 359 089 129 000
090 359 089 120 000
091 359 089 110 000
091 359 089 119 000
090 359 089 120 000
090 359 089 120 000
091 359 089 119 000
091 359 089 119 000
090 359 089 120 000
090 359 089 120 000
091 359 089 119 000
091 359 089 129 000
090 359 089 120 000
091 359 089 110 000
091 359 089 119 000
090 359 089 120 000
090 359 089 120 000
091 359 089 119 000
091 359 089 119 000
090 359 089 120 000
091 359 089 110 000
091 359 089 119 000
090 359 089 129 000
090 359 089 120 000
091 359 089 110 000
091 359 089 119 000
090 359 089 129 000
090 359 089 120 000
091 359 089 110 000
091 359 089 119 000
090 359 089 120 000
090 359 089 120 000
091 359 089 119 000
091 359 089 119 000
090 359 089 120 000
090 359 089 120 000
091 359 089 119 000
091 359 089 129 000
090 359 089 120 000
091 359 089 110 000
091 359 089 119 000
090 359 089 129 000
090 359 089 120 000
091 359 089 110 000
091 359 089 119 000
090 359 089 129 000
090 359 089 120 000
091 359 089 119 000
091 359 089 119 000
090 359 089 120 000
090 359 089 120 000
091 359 089 119 000
091 359 089 119 000
090 359 089 120 000
090 359 089 120 000
091 359 089 110 000
091 359 089 119 000
090 359 089 120 000
090 359 089 120 000
091 359 089 119 000
091 359 089 119 000
090 359 089 120 000
090 359 089 120 000
091 359 089 119 000
090 359 089 129 000
090 359 089 120 000
091 359 089 110 000
091 359 089 119 000
090 359 089 129 000
090 359 089 120 000
091 359 089 119 000
091 359 089 119 000
090 359 089 120 000
090 359 089 120 000
091 359 089 110 000
091 359 089 119 000
090 359 089 120 000
090 359 089 120 000
091 359 089 110 000
091 359 089 119 000
090 359 089 120 000
090 359 089 120 000
091 359 089 119 000
091 359 089 129 000
090 359 089 120 000
090 359 089 120 000
091 359 089 119 000
091 359 089 119 000
090 359 089 120 000
090 359 089 120 000
091 359 089 119 000
091 359 089 129 000
090 359 089 120 000
091 359 089 110 000
091 359 089 119 000
090 359 089 120 000
090 359 089 120 000
091 359 089 119 000
091 359 089 119 000
090 359 089 120 000
090 359 089 120 000
091 359 089 119 000
091 359 089 119 000
090 359 089 120 000
090 359 089 120 000
091 359 089 119 000
091 359 089 119 000
090 359 089 120 000
090 359 089 120 000
091 359 089 119 000
090 359 089 129 000
090 359 089 120 000
090 359 089 120 000
091 359 089 119 000
090 359 089 129 000
090 359 089 120 000
091 359 089 110 000
091 359 089 119 000
090 359 089 129 000
090 359 089 120 000
091 359 089 110 000
091 359 089 119 000
090 359 089 129 000
090 359 089 120 000
091 359 089 110 000
091 359 089 119 000
090 359 089 120 000
090 359 089 120 000
091 359 089 119 000
091 359 089 129 000
090 359 089 120 000
090 359 089 120 000
091 359 089 119 000
091 359 089 129 000
090 359 089 120 000
091 359 089 110 000
091 359 089 119 000
090 359 089 129 000
090 359 089 120 000
091 359 089 110 000
091 359 089 119 000
090 359 089 120 000
090 359 089 120 000
091 359 089 119 000
091 359 089 119 000
090 359 089 120 000
090 359 089 120 000
091 359 089 119 000
091 359 089 119 000
090 359 089 120 000
090 359 089 120 000
090 359 089 119 000
090 359 089 119 000
090 359 089 119 000
090 359 089 119 000
090 359 089 119 000
090 359 089 119 000
090 359 089 119 000
090 359 089 119 000
090 359 089 119 000
090 359 089 119 000
090 359 089 119 000
090 359 089 119 000
090 359 089 143 000
107 359 089 127 000
085 059 089 123 000
088 359 089 129 000
091 359 089 120 000
091 359 089 119 000
090 359 089 120 000
091 359 089 129 000
090 359 089 119 000
090 359 089 120 000
091 359 089 119 000
090 359 089 120 000
091 359 089 119 000
090 359 089 110 000
091 359 089 120 000
091 359 089 119 000
090 359 089 120 000
091 359 089 119 000
090 359 089 120 000
091 359 089 129 000
090 359 089 119 000
090 359 089 120 000
091 359 089 119 000
090 359 089 120 000
091 359 089 129 000
090 359 089 110 000
090 359 089 120 000
091 359 089 119 000
090 359 089 120 000
091 359 089 119 000
090 359 089 120 000
091 359 089 129 000
090 359 089 110 000
091 359 089 129 000
090 359 089 110 000
091 359 089 120 000
091 359 089 119 000
090 359 089 120 000
091 359 089 119 000
090 359 089 120 000
091 359 089 119 000
090 359 089 120 000
091 359 089 129 000
090 359 089 110 000
091 359 089 120 000
091 359 089 119 000
090 359 089 128 000
093 002 089 110 000
090 300 089 120 000
091 359 089 129 000
090 359 089 119 000
090 359 089 120 000
091 359 089 119 000
090 359 089 120 000
091 359 089 119 000
090 359 089 110 000
091 359 089 119 000
090 359 089 119 000
090 359 089 119 000
090 359 089 119 000
090 359 089 119 000
090 359 089 119 000
090 359 089 119 000
090 359 089 119 000
090 359 089 119 000
090 359 089 119 000
090 359 089 119 000
090 359 089 119 000
090 359 089 119 000
090 359 089 119 000
090 359 089 119 000
090 359 089 119 000
090 359 089 119 000
090 359 089 119 000
090 359 089 119 000
090 359 089 119 000
090 359 089 119 000
090 359 089 119 000
090 359 089 119 000
090 359 089 119 000
090 359 089 119 000
090 359 089 119 000
090 359 089 119 000
090 359 089 119 000
090 359 089 119 000
090 359 089 119 000
090 359 089 119 000
090 359 089 119 000
090 359 089 119 000
090 359 089 119 000
090 359 089 119 000
090 359 089 119 000
090 359 089 119 000
090 359 089 119 000
090 359 089 119 000
090 359 089 119 000
090 359 089 119 000
090 359 089 119 000
090 359 089 119 000
090 359 089 119 000
090 359 089 119 000
090 359 089 119 000
090 359 089 119 000
090 359 089 119 000
090 359 089 119 000
090 359 089 119 000
090 359 089 119 000
090 359 089 119 000
090 359 089 119 000
090 359 089 119 000
114 359 089 132 000
084 008 089 123 000
096 358 089 121 000
092 359 089 120 000
091 359 089 129 000
091 359 089 119 000
090 359 089 120 000
091 359 089 119 000
090 359 089 120 000
091 359 089 119 000
090 359 089 120 000
091 359 089 119 000
090 359 089 120 000
090 359 089 110 000
091 359 089 119 000
090 359 089 120 000
091 359 089 119 000
090 359 089 120 000
090 359 089 110 000
091 359 089 119 000
090 359 089 120 000
091 359 089 119 000
090 359 089 120 000
090 359 089 110 000
091 359 089 119 000
090 359 089 120 000
091 359 089 119 000
090 359 089 129 000
090 359 089 110 000
091 359 089 119 000
090 359 089 120 000
091 359 089 119 000
090 359 089 129 000
090 359 089 120 000
091 359 089 119 000
090 359 089 120 000
091 359 089 119 000
090 359 089 120 000
090 359 089 110 000
091 359 089 119 000
090 359 089 120 000
091 359 089 119 000
091 359 089 129 000
090 359 089 120 000
091 359 089 119 000
090 359 089 120 000
091 359 089 110 000
091 359 089 119 000
090 359 089 120 000
091 359 089 119 000
090 359 089 120 000
090 359 089 110 000
091 359 089 119 000
090 359 089 120 000
091 359 089 119 000
091 359 089 129 000
090 359 089 120 000
091 359 089 119 000
090 359 089 120 000
090 359 089 110 000
091 359 089 119 000
090 359 089 120 000
091 359 089 119 000
091 359 089 129 000
090 359 089 119 000
090 359 089 119 000
090 359 089 119 000
090 359 089 119 000
090 359 089 119 000
090 359 089 119 000
090 359 089 119 000
090 359 089 119 000
090 359 089 119 000
090 359 089 119 000
090 359 089 119 000
090 359 089 119 000
090 359 089 119 000
090 359 089 119 000
090 359 089 119 000
090 359 089 119 000
090 359 089 119 000
090 359 089 119 000
090 359 089 119 000
090 359 089 119 000
090 359 089 119 000
090 359 089 119 000
090 359 089 119 000
090 359 089 119 000
090 359 089 119 000
090 359 089 119 000
090 359 089 119 000
090 359 089 119 000
090 359 089 119 000
090 359 089 119 000
090 359 089 119 000
090 359 089 119 000
090 359 089 119 000
090 359 089 144 000
100 359 089 129 000
089 359 089 121 000
089 359 089 119 000
090 359 089 119 000
090 359 089 129 000
090 359 089 120 000
091 359 089 119 000
091 359 089 119 000
090 359 089 129 000
090 359 089 120 000
091 359 089 110 000
091 359 089 119 000
091 359 089 119 000
090 359 089 129 000
090 359 089 120 000
090 359 089 120 000
090 359 089 120 000
091 359 089 110 000
091 359 089 119 000
090 359 089 119 000
090 359 089 119 000
090 359 089 139 000
103 359 089 127 000
088 359 089 120 000
090 359 089 119 000
090 359 089 119 000
090 359 089 110 000
091 359 089 120 000
091 359 089 119 000
090 359 089 119 000
090 359 089 120 000
091 359 089 129 000
091 359 089 119 000
090 359 089 110 000
091 359 089 120 000
091 359 089 119 000
090 359 089 119 000
090 359 089 120 000
091 359 089 120 000
091 359 089 119 000
090 359 089 110 000
091 359 089 120 000
091 359 089 119 000
090 359 089 119 000
090 359 089 120 000
091 359 089 120 000
091 359 089 119 000
090 359 089 110 000
091 359 089 120 000
091 359 089 119 000
090 359 089 119 000
090 359 089 120 000
091 359 089 129 000
091 359 089 119 000
090 359 089 110 000
090 359 089 120 000
091 359 089 119 000
090 359 089 110 000
090 359 089 120 000
091 359 089 119 000
090 359 089 119 000
090 359 089 120 000
091 359 089 120 000
091 359 089 119 000
090 359 089 110 000
091 359 089 120 000
091 359 089 119 000
090 359 089 110 000
090 359 089 120 000
091 359 089 119 000
090 359 089 119 000
090 359 089 120 000
091 359 089 119 000
090 359 089 119 000
090 359 089 120 000
091 359 089 119 000
090 359 089 110 000
091 359 089 120 000
091 359 089 119 000
090 359 089 110 000
091 359 089 120 000
091 359 089 119 000
090 359 089 110 000
090 359 089 120 000
091 359 089 119 000
090 359 089 110 000
090 359 089 120 000
091 359 089 119 000
090 359 089 120 000
091 359 089 129 000
091 359 089 119 000
090 359 089 120 000
091 359 089 129 000
090 359 089 119 000
090 359 089 120 000
091 359 089 129 000
090 359 089 119 000
090 359 089 120 000
091 359 089 129 000
090 359 089 119 000
090 359 089 120 000
091 359 089 119 000
090 359 089 119 000
090 359 089 120 000
091 359 089 119 000
090 359 089 110 000
091 359 089 120 000
091 359 089 119 000
090 359 089 110 000
091 359 089 120 000
091 359 089 119 000
090 359 089 110 000
090 359 089 120 000
091 359 089 119 000
090 359 089 110 000
090 359 089 120 000
091 359 089 119 000
090 359 089 110 000
091 359 089 120 000
091 359 089 119 000
090 359 089 120 000
091 359 089 120 000
091 359 089 119 000
090 359 089 120 000
091 359 089 129 000
091 359 089 119 000
090 359 089 120 000
091 359 089 129 000
090 359 089 110 000
090 359 089 120 000
091 359 089 119 000
090 359 089 120 000
091 359 089 129 000
091 359 089 119 000
090 359 089 120 000
091 359 089 129 000
091 359 089 119 000
090 359 089 120 000
091 359 089 129 000
090 359 089 119 000
090 359 089 120 000
091 359 089 129 000
090 359 089 119 000
090 359 089 120 000
091 359 089 119 000
090 359 089 110 000
091 359 089 120 000
091 359 089 119 000
090 359 089 120 000
091 359 089 120 000
091 359 089 119 000
090 359 089 120 000
091 359 089 129 000
091 359 089 119 000
090 359 089 120 000
091 359 089 129 000
090 359 089 119 000
090 359 089 120 000
091 359 089 119 000
090 359 089 110 000
090 359 089 120 000
091 359 089 119 000
090 359 089 110 000
091 359 089 120 000
091 359 089 119 000
090 359 089 110 000
091 359 089 120 000
091 359 089 119 000
090 359 089 120 000
091 359 089 129 000
090 359 089 119 000
090 359 089 120 000
091 359 089 119 000
090 359 089 110 000
090 359 089 120 000
091 359 089 119 000
090 359 089 120 000
091 359 089 129 000
090 359 089 119 000
090 359 089 120 000
091 359 089 119 000
090 359 089 110 000
090 359 089 120 000
091 359 089 119 000
090 359 089 120 000
091 359 089 129 000
090 359 089 119 000
090 359 089 120 000
091 359 089 129 000
090 359 089 119 000
090 359 089 120 000
091 359 089 119 000
090 359 089 119 000
090 359 089 120 000
091 359 089 119 000
090 359 089 110 000
090 359 089 120 000
091 359 089 119 000
090 359 089 120 000
091 359 089 120 000
091 359 089 119 000
090 359 089 120 000
091 359 089 129 000
091 359 089 119 000
090 359 089 120 000
091 359 089 129 000
001 081 224 110 000
261 352 224 125 000
213 011 224 129 000
231 359 224 121 000
227 359 224 120 000
226 359 224 129 000
225 359 224 119 000
225 359 224 120 000
225 359 224 110 000
226 359 224 129 000
225 359 224 110 000
226 359 224 119 000
225 359 224 120 000
226 359 224 119 000
225 359 224 120 000
226 359 224 119 000
225 359 224 120 000
226 359 224 119 000
225 359 224 120 000
226 359 224 119 000
225 359 224 120 000
225 359 224 110 000
226 359 224 119 000
225 359 224 120 000
226 359 224 119 000
225 359 224 120 000
226 359 224 110 000
226 359 224 119 000
225 359 224 120 000
226 359 224 119 000
226 359 224 119 000
225 359 224 120 000
226 359 224 110 000
226 359 224 119 000
225 359 224 120 000
226 359 224 119 000
226 359 224 119 000
225 359 224 120 000
226 359 224 119 000
225 359 224 129 000
225 359 224 110 000
226 359 224 119 000
225 359 224 120 000
225 359 224 110 000
226 359 224 119 000
225 359 224 120 000
225 359 224 110 000
226 359 224 119 000
225 359 224 120 000
225 359 224 119 000
225 359 224 119 000
225 359 224 119 000
225 359 224 119 000
225 359 224 119 000
225 359 224 119 000
225 359 224 119 000
225 359 224 119 000
225 359 224 119 000
225 359 224 119 000
225 359 224 119 000
225 359 224 119 000
225 359 224 119 000
225 359 224 119 000
225 359 224 119 000
225 359 224 119 000
225 359 224 119 000
249 359 224 131 000
218 008 224 122 000
231 359 224 120 000
227 359 224 120 000
226 359 224 119 000
225 359 224 120 000
225 359 224 110 000
226 359 224 119 000
225 359 224 120 000
225 359 224 110 000
226 359 224 119 000
225 359 224 129 000
225 359 224 120 000
226 359 224 119 000
226 359 224 119 000
225 359 224 120 000
226 359 224 119 000
226 359 224 119 000
225 359 224 120 000
225 359 224 110 000
226 359 224 119 000
225 359 224 129 000
225 359 224 120 000
226 359 224 119 000
226 359 224 119 000
225 359 224 120 000
225 359 224 120 000
226 359 224 119 000
226 359 224 119 000
225 359 224 120 000
225 359 224 120 000
226 359 224 110 000
226 359 224 119 000
225 359 224 129 000
225 359 224 120 000
226 359 224 110 000
226 359 224 119 000
225 359 224 129 000
225 359 224 120 000
225 359 224 120 000
226 359 224 110 000
226 359 224 119 000
225 359 224 129 000
225 359 224 120 000
225 359 224 120 000
226 359 224 119 000
226 359 224 119 000
225 359 224 129 000
225 359 224 120 000
225 359 224 110 000
226 359 224 119 000
226 359 224 119 000
225 359 224 129 000
225 359 224 120 000
225 359 224 120 000
225 359 224 119 000
225 359 224 119 000
225 359 224 119 000
225 359 224 119 000
225 359 224 119 000
225 359 224 119 000
225 359 224 143 000
235 359 224 128 000
223 359 224 122 000
224 359 224 119 000
225 359 224 119 000
225 359 224 119 000
225 359 224 119 000
225 359 224 119 000
225 359 224 119 000
225 359 224 119 000
225 359 224 119 000
225 359 224 119 000
225 359 224 119 000
225 359 224 119 000
225 359 224 119 000
225 359 224 119 000
225 359 224 119 000
225 359 224 119 000
225 359 224 119 000
225 359 224 119 000
225 359 224 119 000
225 359 224 119 000
225 359 224 119 000
225 359 224 119 000
225 359 224 119 000
225 359 224 119 000
225 359 224 119 000
225 359 224 119 000
225 359 224 119 000
225 359 224 119 000
225 359 224 119 000
225 359 224 119 000
225 359 224 119 000
225 359 224 119 000
225 359 224 119 000
225 359 224 119 000
225 359 224 119 000
225 359 224 119 000
225 359 224 119 000
225 359 224 119 000
225 359 224 119 000
225 359 224 119 000
225 359 224 119 000
225 359 224 119 000
225 359 224 119 000
225 359 224 119 000
225 359 224 119 000
225 359 224 119 000
225 359 224 119 000
225 359 224 119 000
225 359 224 119 000
225 359 224 119 000
225 359 224 119 000
225 359 224 119 000
225 359 224 119 000
225 359 224 119 000
225 359 224 119 000
225 359 224 119 000
225 359 224 119 000
225 359 224 119 000
225 359 224 119 000
225 359 224 119 000
225 359 224 119 000
225 359 224 119 000
225 359 224 119 000
225 359 224 119 000
225 359 224 119 000
225 359 224 119 000
225 359 224 119 000
225 359 224 119 000
225 359 224 119 000
225 359 224 119 000
225 359 224 119 000
233 359 224 148 000
224 007 224 126 000
229 359 224 110 000
228 359 224 120 000
225 359 224 120 000
226 359 224 119 000
226 359 224 129 000
225 359 224 120 000
226 359 224 119 000
225 359 224 129 000
225 359 224 120 000
226 359 224 119 000
226 359 224 129 000
225 359 224 120 000
225 359 224 120 000
226 359 224 119 000
226 359 224 119 000
225 359 224 120 000
225 359 224 120 000
226 359 224 110 000
226 359 224 119 000
225 359 224 129 000
225 359 224 120 000
226 359 224 120 000
226 359 224 119 000
226 359 224 119 000
225 359 224 120 000
225 359 224 120 000
226 359 224 110 000
226 359 224 119 000
225 359 224 129 000
225 359 224 120 000
226 359 224 110 000
226 359 224 119 000
226 359 224 119 000
225 359 224 120 000
225 359 224 120 000
226 359 224 110 000
226 359 224 119 000
225 359 224 129 000
225 359 224 120 000
225 359 224 120 000
226 359 224 119 000
226 359 224 119 000
225 359 224 120 000
225 359 224 120 000
226 359 224 110 000
226 359 224 119 000
225 359 224 129 000
225 359 224 120 000
226 359 224 110 000
226 359 224 119 000
226 359 224 129 000
225 359 224 120 000
225 359 224 120 000
226 359 224 110 000
226 359 224 119 000
225 359 224 129 000
225 359 224 120 000
225 359 224 120 000
226 359 224 119 000
226 359 224 119 000
225 359 224 129 000
225 359 224 120 000
226 359 224 110 000
226 359 224 119 000
226 359 224 119 000
225 359 224 120 000
225 359 224 120 000
226 359 224 110 000
226 359 224 119 000
225 359 224 129 000
225 359 224 120 000
226 359 224 110 000
226 359 224 119 000
226 359 224 129 000
225 359 224 120 000
225 359 224 120 000
226 359 224 119 000
226 359 224 119 000
225 359 224 120 000
225 359 224 120 000
226 359 224 110 000
226 359 224 119 000
225 359 224 129 000
225 359 224 120 000
226 359 224 120 000
226 359 224 119 000
226 359 224 119 000
225 359 224 120 000
225 359 224 120 000
226 359 224 110 000
226 359 224 119 000
225 359 224 129 000
225 359 224 120 000
225 359 224 120 000
226 359 224 110 000
226 359 224 119 000
225 359 224 129 000
225 359 224 120 000
225 359 224 120 000
226 359 224 119 000
226 359 224 119 000
225 359 224 120 000
225 359 224 120 000
226 359 224 110 000
226 359 224 119 000
226 359 224 119 000
225 359 224 129 000
225 359 224 120 000
226 359 224 110 000
226 359 224 119 000
226 359 224 119 000
225 359 224 120 000
225 359 224 120 000
226 359 224 110 000
226 359 224 119 000
225 359 224 129 000
225 359 224 120 000
226 359 224 110 000
226 359 224 119 000
225 359 224 129 000
225 359 224 120 000
225 359 224 120 000
226 359 224 119 000
226 359 224 119 000
225 359 224 120 000
225 359 224 120 000
226 359 224 110 000
226 359 224 119 000
225 359 224 129 000
225 359 224 120 000
225 359 224 120 000
226 359 224 110 000
226 359 224 119 000
225 359 224 129 000
225 359 224 120 000
225 359 224 120 000
226 359 224 119 000
226 359 224 119 000
225 359 224 120 000
225 359 224 120 000
226 359 224 110 000
226 359 224 119 000
226 359 224 119 000
225 359 224 120 000
225 359 224 120 000
226 359 224 110 000
226 359 224 119 000
225 359 224 129 000
225 359 224 120 000
226 359 224 120 000
226 359 224 119 000
226 359 224 119 000
225 359 224 120 000
225 359 224 120 000
226 359 224 110 000
226 359 224 119 000
225 359 224 129 000
225 359 224 120 000
226 359 224 120 000
226 359 224 119 000
226 359 224 119 000
225 359 224 120 000
225 359 224 120 000
226 359 224 110 000
226 359 224 119 000
225 359 224 129 000
225 359 224 120 000
225 359 224 120 000
226 359 224 119 000
226 359 224 119 000
225 359 224 120 000
225 359 224 120 000
226 359 224 110 000
226 359 224 119 000
226 359 224 119 000
225 359 224 129 000
225 359 224 120 000
226 359 224 110 000
226 359 224 119 000
225 359 224 129 000
225 359 224 120 000
225 359 224 120 000
226 359 224 119 000
225 359 224 119 000
225 359 224 119 000
225 359 224 119 000
225 359 224 119 000
225 359 224 119 000
225 359 224 119 000
225 359 224 119 000
225 359 224 119 000
225 359 224 119 000
225 359 224 119 000
225 359 224 119 000
225 359 224 119 000
225 359 224 119 000
225 359 224 119 000
225 359 224 119 000
225 359 224 119 000
225 359 224 119 000
225 359 224 119 000
225 359 224 119 000
225 359 224 119 000
225 359 224 119 000
225 359 224 119 000
225 359 224 119 000
225 359 224 119 000
225 359 224 119 000
225 359 224 119 000
225 359 224 119 000
225 359 224 119 000
225 359 224 119 000
225 359 224 119 000
225 359 224 119 000
225 359 224 119 000
225 359 224 119 000
225 359 224 119 000
225 359 224 119 000
225 359 224 119 000
225 359 224 119 000
225 359 224 119 000
225 359 224 119 000
225 359 224 119 000
225 359 224 119 000
225 359 224 119 000
225 359 224 119 000
225 359 224 119 000
225 359 224 145 000
244 359 224 128 000
217 001 224 125 000
223 000 224 120 000
226 359 224 120 000
226 359 224 119 000
225 359 224 120 000
226 359 224 119 000
225 359 224 120 000
226 359 224 119 000
225 359 224 120 000
225 359 224 110 000
226 359 224 129 000
225 359 224 120 000
226 359 224 119 000
225 359 224 120 000
226 359 224 119 000
225 359 224 120 000
226 359 224 119 000
226 359 224 129 000
225 359 224 120 000
226 359 224 119 000
225 359 224 129 000
225 359 224 120 000
226 359 224 119 000
225 359 224 120 000
226 359 224 119 000
225 359 224 129 000
225 359 224 110 000
226 359 224 119 000
225 359 224 120 000
226 359 224 119 000
226 359 224 129 000
225 359 224 120 000
226 359 224 119 000
225 359 224 120 000
225 359 224 110 000
226 359 224 119 000
225 359 224 120 000
225 359 224 120 000
226 359 224 119 000
225 359 224 129 000
225 359 224 120 000
226 359 224 119 000
225 359 224 129 000
225 359 224 120 000
226 359 224 119 000
226 359 224 119 000
225 359 224 120 000
226 359 224 110 000
226 359 224 119 000
225 359 224 120 000
226 359 224 110 000
226 359 224 119 000
225 359 224 120 000
225 359 224 110 000
226 359 224 119 000
225 359 224 120 000
225 359 224 120 000
226 359 224 119 000
225 359 224 129 000
225 359 224 120 000
226 359 224 110 000
226 359 224 119 000
225 359 224 120 000
225 359 224 120 000
226 359 224 119 000
225 359 224 120 000
225 359 224 120 000
226 359 224 119 000
226 359 224 119 000
225 359 224 120 000
226 359 224 119 000
226 359 224 119 000
225 359 224 120 000
226 359 224 110 000
226 359 224 119 000
225 359 224 120 000
226 359 224 110 000
226 359 224 119 000
225 359 224 120 000
225 359 224 110 000
226 359 224 119 000
225 359 224 120 000
225 359 224 120 000
226 359 224 119 000
225 359 224 129 000
225 359 224 120 000
226 359 224 119 000
226 359 224 129 000
225 359 224 120 000
226 359 224 110 000
226 359 224 119 000
225 359 224 129 000
225 359 224 120 000
226 359 224 110 000
226 359 224 119 000
225 359 224 129 000
225 359 224 120 000
226 359 224 119 000
225 359 224 129 000
225 359 224 120 000
226 359 224 119 000
226 359 224 129 000
225 359 224 120 000
226 359 224 119 000
226 359 224 119 000
225 359 224 120 000
226 359 224 110 000
226 359 224 119 000
225 359 224 129 000
225 359 224 120 000
226 359 224 119 000
225 359 224 129 000
225 359 224 120 000
226 359 224 119 000
226 359 224 129 000
225 359 224 120 000
226 359 224 119 000
226 359 224 119 000
225 359 224 120 000
226 359 224 110 000
226 359 224 119 000
225 359 224 129 000
225 359 224 120 000
226 359 224 119 000
225 359 224 129 000
225 359 224 120 000
226 359 224 119 000
226 359 224 119 000
225 359 224 120 000
225 359 224 120 000
226 359 224 119 000
225 359 224 129 000
225 359 224 120 000
226 359 224 119 000
226 359 224 129 000
225 359 224 120 000
226 359 224 110 000
226 359 224 119 000
225 359 224 120 000
225 359 224 120 000
226 359 224 119 000
226 359 224 129 000
225 359 224 120 000
226 359 224 110 000
226 359 224 119 000
225 359 224 120 000
225 359 224 120 000
226 359 224 119 000
226 359 224 119 000
225 359 224 120 000
225 359 224 110 000
226 359 224 119 000
225 359 224 129 000
225 359 224 120 000
226 359 224 119 000
226 359 224 119 000
225 359 224 120 000
226 359 224 120 000
226 359 224 119 000
225 359 224 129 000
225 359 224 120 000
226 359 224 119 000
226 359 224 119 000
225 359 224 120 000
225 359 224 110 000
226 359 224 119 000
225 359 224 129 000
225 359 224 120 000
226 359 224 110 000
226 359 224 119 000
225 359 224 120 000
225 359 224 120 000
226 359 224 119 000
225 359 224 129 000
225 359 224 120 000
226 359 224 119 000
226 359 224 119 000
225 359 224 120 000
226 359 224 110 000
226 359 224 119 000
225 359 224 120 000
226 359 224 110 000
226 359 224 119 000
225 359 224 129 000
225 359 224 120 000
226 359 224 119 000
226 359 224 129 000
225 359 224 120 000
226 359 224 110 000
226 359 224 119 000
225 359 224 120 000
225 359 224 120 000
226 359 224 119 000
226 359 224 129 000
225 359 224 120 000
226 359 224 119 000
226 359 224 119 000
225 359 224 120 000
225 359 224 120 000
226 359 224 119 000
225 359 224 129 000
225 359 224 120 000
226 359 224 119 000
226 359 224 129 000
225 359 224 120 000
226 359 224 110 000
226 359 224 119 000
225 359 224 120 000
225 359 224 120 000
226 359 224 119 000
226 359 224 129 000
225 359 224 120 000
226 359 224 110 000
226 359 224 119 000
225 359 224 120 000
225 359 224 110 000
226 359 224 119 000
225 359 224 129 000
225 359 224 120 000
226 359 224 119 000
226 359 224 119 000
225 359 224 120 000
226 359 224 110 000
226 359 224 119 000
225 359 224 120 000
225 359 224 120 000
226 359 224 119 000
226 359 224 119 000
225 359 224 120 000
225 359 224 110 000
226 359 224 119 000
225 359 224 120 000
225 359 224 120 000
226 359 224 119 000
225 359 224 129 000
225 359 224 120 000
226 359 224 119 000
226 359 224 119 000
225 359 224 120 000
226 359 224 110 000
226 359 224 119 000
225 359 224 129 000
225 359 224 120 000
226 359 224 119 000
226 359 224 119 000
225 359 224 120 000
226 359 224 110 000
226 359 224 119 000
225 359 224 129 000
225 359 224 120 000
226 359 224 119 000
226 359 224 119 000
225 359 224 120 000
225 359 224 120 000
226 359 224 119 000
225 359 224 129 000
225 359 224 120 000
226 359 224 119 000
226 359 224 119 000
225 359 224 120 000
226 359 224 110 000
226 359 224 119 000
225 359 224 129 000
225 359 224 120 000
226 359 224 119 000
225 359 224 129 000
225 359 224 120 000
226 359 224 110 000
226 359 224 119 000
225 359 224 129 000
225 359 224 120 000
226 359 224 110 000
226 359 224 119 000
225 359 224 120 000
225 359 224 120 000
226 359 224 119 000
225 359 224 120 000
225 359 224 120 000
226 359 224 119 000
225 359 224 129 000
225 359 224 120 000
226 359 224 110 000
226 359 224 119 000
225 359 224 120 000
226 359 224 110 000
226 359 224 119 000
225 359 224 120 000
225 359 224 120 000
226 359 224 119 000
226 359 224 129 000
225 359 224 120 000
226 359 224 110 000
226 359 224 119 000
225 359 224 120 000
225 359 224 110 000
226 359 224 119 000
225 359 224 129 000
225 359 224 120 000
226 359 224 119 000
226 359 224 119 000
225 359 224 120 000
225 359 224 120 000
226 359 224 119 000
225 359 224 129 000
225 359 224 120 000
226 359 224 119 000
226 359 224 119 000
225 359 224 120 000
226 359 224 110 000
226 359 224 119 000
225 359 224 120 000
225 359 224 120 000
226 359 224 119 000
225 359 224 120 000
225 359 224 120 000
226 359 224 119 000
226 359 224 129 000
225 359 224 120 000
226 359 224 110 000
226 359 224 119 000
225 359 224 129 000
225 359 224 120 000
226 359 224 110 000
226 359 224 119 000
225 359 224 120 000
225 359 224 120 000
226 359 224 119 000
226 359 224 129 000
225 359 224 120 000
226 359 224 110 000
226 359 224 119 000
225 359 224 129 000
225 359 224 120 000
226 359 224 119 000
225 359 224 129 000
225 359 224 120 000
226 359 224 119 000
226 359 224 119 000
225 359 224 120 000
226 359 224 110 000
226 359 224 119 000
225 359 224 120 000
225 359 224 120 000
226 359 224 119 000
225 359 224 129 000
225 359 224 120 000
226 359 224 119 000
226 359 224 119 000
225 359 224 120 000
225 359 224 120 000
226 359 224 119 000
225 359 224 129 000
225 359 224 120 000
226 359 224 110 000
226 359 224 119 000
225 359 224 120 000
225 359 224 120 000
226 359 224 119 000
226 359 224 129 000
225 359 224 120 000
226 359 224 110 000
226 359 224 119 000
225 359 224 129 000
225 359 224 120 000
226 359 224 119 000
226 359 224 119 000
225 359 224 120 000
225 359 224 120 000
226 359 224 119 000
225 359 224 129 000
225 359 224 120 000
226 359 224 119 000
226 359 224 119 000
225 359 224 120 000
225 359 224 120 000
226 359 224 119 000
226 359 224 129 000
225 359 224 120 000
226 359 224 110 000
226 359 224 119 000
225 359 224 129 000
225 359 224 120 000
226 359 224 119 000
226 359 224 119 000
225 359 224 120 000
225 359 224 120 000
226 359 224 119 000
225 359 224 129 000
225 359 224 120 000
226 359 224 119 000
226 359 224 119 000
225 359 224 120 000
225 359 224 120 000
226 359 224 119 000
225 359 224 129 000
225 359 224 120 000
226 359 224 110 000
226 359 224 119 000
225 359 224 120 000
225 359 224 120 000
226 359 224 110 000
226 359 224 119 000
225 359 224 120 000
225 359 224 120 000
226 359 224 119 000
226 359 224 129 000
225 359 224 120 000
226 359 224 119 000
226 359 224 119 000
225 359 224 120 000
226 359 224 110 000
226 359 224 119 000
225 359 224 129 000
225 359 224 120 000
226 359 224 119 000
226 359 224 119 000
225 359 224 120 000
226 359 224 110 000
226 359 224 119 000
225 359 224 129 000
225 359 224 120 000
226 359 224 119 000
226 359 224 129 000
225 359 224 120 000
226 359 224 110 000
226 359 224 119 000
225 359 224 120 000
225 359 224 120 000
226 359 224 119 000
226 359 224 119 000
225 359 224 120 000
226 359 224 110 000
226 359 224 119 000
225 359 224 120 000
225 359 224 120 000
226 359 224 119 000
226 359 224 119 000
225 359 224 120 000
225 359 224 120 000
226 359 224 119 000
225 359 224 129 000
225 359 224 120 000
226 359 224 110 000
226 359 224 119 000
225 359 224 120 000
225 359 224 120 000
226 359 224 110 000
226 359 224 119 000
225 359 224 120 000
226 359 224 110 000
226 359 224 119 000
225 359 224 120 000
225 359 224 120 000
226 359 224 119 000
225 359 224 129 000
225 359 224 120 000
226 359 224 119 000
226 359 224 119 000
225 359 224 120 000
226 359 224 110 000
226 359 224 119 000
225 359 224 120 000
225 359 224 120 000
226 359 224 119 000
226 359 224 129 000
225 359 224 120 000
226 359 224 110 000
226 359 224 119 000
225 359 224 120 000
225 359 224 120 000
226 359 224 119 000
226 359 224 129 000
225 359 224 120 000
226 359 224 110 000
226 359 224 119 000
225 359 224 120 000
225 359 224 120 000
226 359 224 119 000
226 359 224 129 000
225 359 224 120 000
226 359 224 110 000
226 359 224 119 000
225 359 224 129 000
225 359 224 120 000
226 359 224 119 000
226 359 224 119 000
225 359 224 120 000
225 359 224 120 000
226 359 224 119 000
225 359 224 129 000
225 359 224 120 000
226 359 224 119 000
226 359 224 119 000
225 359 224 120 000
225 359 224 120 000
226 359 224 119 000
225 359 224 129 000
225 359 224 120 000
226 359 224 119 000
226 359 224 129 000
225 359 224 120 000
226 359 224 119 000
226 359 224 119 000
225 359 224 120 000
226 359 224 110 000
226 359 224 119 000
225 359 224 120 000
225 359 224 120 000
226 359 224 119 000
225 359 224 129 000
225 359 224 120 000
226 359 224 110 000
226 359 224 119 000
225 359 224 120 000
225 359 224 120 000
226 359 224 119 000
225 359 224 129 000
225 359 224 120 000
226 359 224 110 000
226 359 224 119 000
225 359 224 120 000
225 359 224 120 000
226 359 224 119 000
225 359 224 129 000
225 359 224 120 000
226 359 224 110 000
226 359 224 119 000
225 359 224 120 000
225 359 224 120 000
226 359 224 119 000
226 359 224 129 000
225 359 224 120 000
226 359 224 110 000
226 359 224 119 000
225 359 224 120 000
225 359 224 120 000
226 359 224 119 000
225 359 224 129 000
225 359 224 120 000
226 359 224 110 000
226 359 224 119 000
225 359 224 120 000
225 359 224 120 000
226 359 224 119 000
226 359 224 119 000
225 359 224 120 000
226 359 224 110 000
226 359 224 119 000
225 359 224 129 000
225 359 224 120 000
226 359 224 119 000
226 359 224 129 000
225 359 224 120 000
226 359 224 110 000
226 359 224 119 000
225 359 224 120 000
225 359 224 120 000
226 359 224 119 000
226 359 224 129 000
225 359 224 120 000
226 359 224 110 000
226 359 224 119 000
225 359 224 120 000
225 359 224 120 000
226 359 224 119 000
225 359 224 129 000
225 359 224 120 000
226 359 224 110 000
226 359 224 119 000
225 359 224 120 000
225 359 224 120 000
226 359 224 119 000
226 359 224 119 000
225 359 224 120 000
226 359 224 110 000
226 359 224 119 000
225 359 224 129 000
225 359 224 120 000
226 359 224 119 000
226 359 224 119 000
225 359 224 120 000
226 359 224 110 000
226 359 224 119 000
225 359 224 129 000
225 359 224 120 000
226 359 224 119 000
225 359 224 129 000
225 359 224 120 000
226 359 224 110 000
226 359 224 119 000
225 359 224 129 000
225 359 224 120 000
226 359 224 110 000
226 359 224 119 000
225 359 224 120 000
225 359 224 110 000
226 359 224 119 000
225 359 224 129 000
225 359 224 120 000
226 359 224 119 000
225 359 224 129 000
225 359 224 120 000
226 359 224 110 000
226 359 224 119 000
225 359 224 129 000
225 359 224 120 000
226 359 224 119 000
226 359 224 119 000
225 359 224 120 000
226 359 224 110 000
226 359 224 119 000
225 359 224 129 000
225 359 224 120 000
226 359 224 110 000
226 359 224 119 000
225 359 224 129 000
225 359 224 120 000
226 359 224 119 000
226 359 224 119 000
225 359 224 120 000
225 359 224 120 000
226 359 224 119 000
225 359 224 129 000
225 359 224 120 000
226 359 224 119 000
226 359 224 119 000
225 359 224 120 000
225 359 224 120 000
226 359 224 119 000
226 359 224 129 000
225 359 224 120 000
226 359 224 110 000
226 359 224 119 000
225 359 224 129 000
225 359 224 120 000
226 359 224 119 000
226 359 224 119 000
225 359 224 120 000
226 359 224 110 000
226 359 224 119 000
225 359 224 129 000
225 359 224 120 000
226 359 224 119 000
226 359 224 119 000
225 359 224 120 000
225 359 224 120 000
226 359 224 119 000
225 359 224 129 000
225 359 224 120 000
226 359 224 110 000
226 359 224 119 000
225 359 224 129 000
225 359 224 120 000
226 359 224 119 000
225 359 224 129 000
225 359 224 120 000
226 359 224 110 000
226 359 224 119 000
225 359 224 129 000
225 359 224 120 000
226 359 224 110 000
226 359 224 119 000
225 359 224 120 000
225 359 224 110 000
226 359 224 119 000
225 359 224 129 000
225 359 224 120 000
226 359 224 119 000
226 359 224 119 000
225 359 224 120 000
225 359 224 120 000
226 359 224 119 000
225 359 224 129 000
225 359 224 120 000
226 359 224 119 000
226 359 224 119 000
225 359 224 129 000
225 359 224 120 000
226 359 224 119 000
226 359 224 129 000
225 359 224 120 000
226 359 224 110 000
226 359 224 119 000
225 359 224 129 000
225 359 224 120 000
226 359 224 110 000
226 359 224 119 000
225 359 224 120 000
225 359 224 110 000
226 359 224 119 000
225 359 224 129 000
225 359 224 120 000
226 359 224 119 000
226 359 224 129 000
225 359 224 120 000
226 359 224 110 000
226 359 224 119 000
225 359 224 129 000
225 359 224 120 000
226 359 224 119 000
226 359 224 129 000
225 359 224 120 000
226 359 224 110 000
226 359 224 119 000
225 359 224 120 000
225 359 224 120 000
226 359 224 119 000
226 359 224 129 000
225 359 224 120 000
226 359 224 110 000
226 359 224 119 000
225 359 224 120 000
225 359 224 120 000
226 359 224 119 000
226 359 224 119 000
225 359 224 120 000
226 359 224 110 000
226 359 224 119 000
225 359 224 129 000
225 359 224 120 000
226 359 224 110 000
226 359 224 119 000
225 359 224 129 000
225 359 224 120 000
226 359 224 110 000
226 359 224 119 000
225 359 224 120 000
225 359 224 120 000
226 359 224 119 000
225 359 224 129 000
225 359 224 120 000
226 359 224 119 000
226 359 224 129 000
225 359 224 120 000
226 359 224 110 000
226 359 224 119 000
225 359 224 120 000
225 359 224 120 000
226 359 224 119 000
226 359 224 129 000
225 359 224 120 000
226 359 224 110 000
226 359 224 119 000
225 359 224 120 000
226 359 224 110 000
226 359 224 119 000
225 359 224 129 000
225 359 224 120 000
226 359 224 119 000
226 359 224 129 000
225 359 224 120 000
226 359 224 110 000
226 359 224 119 000
225 359 224 120 000
225 359 224 120 000
226 359 224 119 000
226 359 224 119 000
225 359 224 120 000
225 359 224 120 000
226 359 224 119 000
225 359 224 129 000
225 359 224 120 000
226 359 224 110 000
226 359 224 119 000
225 359 224 120 000
225 359 224 120 000
226 359 224 119 000
226 359 224 129 000
225 359 224 120 000
226 359 224 110 000
226 359 224 119 000
225 359 224 120 000
225 359 224 120 000
226 359 224 119 000
225 359 224 129 000
225 359 224 120 000
226 359 224 110 000
226 359 224 119 000
225 359 224 120 000
225 359 224 120 000
226 359 224 119 000
226 359 224 119 000
225 359 224 120 000
225 359 224 120 000
226 359 224 119 000
226 359 224 119 000
225 359 224 120 000
226 359 224 110 000
226 359 224 119 000
225 359 224 120 000
225 359 224 120 000
226 359 224 119 000
226 359 224 119 000
225 359 224 120 000
225 359 224 120 000
226 359 224 119 000
225 359 224 129 000
225 359 224 120 000
226 359 224 110 000
226 359 224 119 000
225 359 224 129 000
225 359 224 120 000
226 359 224 110 000
226 359 224 119 000
225 359 224 120 000
225 359 224 120 000
226 359 224 119 000
226 359 224 119 000
225 359 224 120 000
226 359 224 110 000
226 359 224 119 000
225 359 224 129 000
225 359 224 120 000
226 359 224 110 000
226 359 224 119 000
225 359 224 120 000
225 359 224 120 000
226 359 224 119 000
226 359 224 129 000
225 359 224 120 000
226 359 224 110 000
226 359 224 119 000
225 359 224 120 000
225 359 224 120 000
226 359 224 119 000
226 359 224 119 000
225 359 224 120 000
225 359 224 120 000
226 359 224 119 000
226 359 224 119 000
225 359 224 120 000
226 359 224 110 000
226 359 224 119 000
225 359 224 120 000
225 359 224 120 000
226 359 224 119 000
225 359 224 129 000
225 359 224 120 000
226 359 224 110 000
226 359 224 119 000
225 359 224 120 000
225 359 224 120 000
226 359 224 119 000
225 359 224 129 000
225 359 224 120 000
226 359 224 119 000
226 359 224 129 000
225 359 224 120 000
226 359 224 110 000
226 359 224 119 000
225 359 224 129 000
225 359 224 120 000
226 359 224 110 000
226 359 224 119 000
225 359 224 120 000
225 359 224 120 000
226 359 224 119 000
226 359 224 119 000
225 359 224 120 000
225 359 224 110 000
226 359 224 119 000
225 359 224 129 000
225 359 224 120 000
226 359 224 119 000
226 359 224 119 000
225 359 224 120 000
226 359 224 110 000
226 359 224 119 000
225 359 224 129 000
225 359 224 120 000
226 359 224 110 000
226 359 224 119 000
225 359 224 120 000
225 359 224 120 000
226 359 224 119 000
226 359 224 119 000
225 359 224 120 000
225 359 224 120 000
226 359 224 119 000
226 359 224 119 000
225 359 224 120 000
225 359 224 120 000
226 359 224 119 000
225 359 224 129 000
225 359 224 120 000
226 359 224 110 000
226 359 224 119 000
225 359 224 129 000
225 359 224 120 000
226 359 224 110 000
226 359 224 119 000
225 359 224 120 000
226 359 224 110 000
226 359 224 119 000
225 359 224 129 000
225 359 224 120 000
226 359 224 110 000
226 359 224 119 000
225 359 224 120 000
225 359 224 120 000
226 359 224 119 000
226 359 224 129 000
225 359 224 120 000
226 359 224 110 000
226 359 224 119 000
225 359 224 120 000
225 359 224 120 000
226 359 224 119 000
225 359 224 129 000
225 359 224 120 000
226 359 224 110 000
226 359 224 119 000
225 359 224 120 000
225 359 224 120 000
226 359 224 119 000
226 359 224 119 000
225 359 224 129 000
225 359 224 120 000
226 359 224 119 000
226 359 224 119 000
225 359 224 129 000
225 359 224 120 000
226 359 224 119 000
226 359 224 119 000
225 359 224 120 000
225 359 224 120 000
226 359 224 119 000
226 359 224 129 000
225 359 224 120 000
226 359 224 110 000
226 359 224 119 000
225 359 224 129 000
225 359 224 120 000
226 359 224 110 000
226 359 224 119 000
225 359 224 120 000
225 359 224 120 000
226 359 224 119 000
225 359 224 129 000
225 359 224 120 000
225 359 224 110 000
226 359 224 119 000
225 359 224 129 000
225 359 224 120 000
226 359 224 110 000
226 359 224 119 000
225 359 224 129 000
225 359 224 120 000
226 359 224 110 000
226 359 224 119 000
225 359 224 129 000
225 359 224 120 000
226 359 224 110 000
226 359 224 119 000
225 359 224 129 000
225 359 224 120 000
226 359 224 119 000
226 359 224 119 000
225 359 224 120 000
226 359 224 110 000
226 359 224 119 000
225 359 224 120 000
225 359 224 120 000
226 359 224 110 000
226 359 224 119 000
225 359 224 129 000
225 359 224 120 000
226 359 224 110 000
226 359 224 119 000
225 359 224 120 000
225 359 224 120 000
226 359 224 119 000
225 359 224 129 000
225 359 224 120 000
226 359 224 110 000
226 359 224 119 000
225 359 224 129 000
225 359 224 120 000
226 359 224 110 000
226 359 224 119 000
225 359 224 120 000
225 359 224 120 000
226 359 224 119 000
226 359 224 129 000
225 359 224 120 000
226 359 224 110 000
226 359 224 119 000
225 359 224 120 000
225 359 224 120 000
226 359 224 119 000
226 359 224 119 000
225 359 224 120 000
225 359 224 110 000
226 359 224 119 000
225 359 224 129 000
225 359 224 120 000
226 359 224 110 000
226 359 224 119 000
225 359 224 129 000
225 359 224 120 000
226 359 224 119 000
226 359 224 119 000
225 359 224 120 000
225 359 224 120 000
226 359 224 119 000
225 359 224 129 000
225 359 224 120 000
226 359 224 110 000
226 359 224 119 000
225 359 224 120 000
225 359 224 120 000
226 359 224 119 000
226 359 224 119 000
225 359 224 120 000
226 359 224 110 000
226 359 224 119 000
225 359 224 129 000
225 359 224 120 000
226 359 224 119 000
226 359 224 119 000
225 359 224 120 000
225 359 224 120 000
226 359 224 119 000
226 359 224 129 000
225 359 224 120 000
226 359 224 110 000
226 359 224 119 000
225 359 224 120 000
225 359 224 120 000
226 359 224 119 000
226 359 224 119 000
225 359 224 120 00
