0
0
0
0
0
0
0
0
0
0
0
0
0
0
0
0
0
0
0
0
0
0
0
0
0
0
0
0
0
0
0
0
0
0
0
0
0
0
0
0
0
0
0
0
0
0
0
0
0
0
0
0
0
0
0
0
0
0
0
0
0
0
0
0
0
0
0
0
0
0
0
0
0
0
0
0
0
0
0
0
0
0
0
0
0
0
0
0
0
0
0
0
0
0
0
0
0
0
0
0
0
0
0
0
0
0
0
0
0
0
0
0
0
0
0
0
0
0
0
0
0
0
0
0
0
0
0
0
0
0
0
0
0
0
0
0
0
0
0
0
1
1
1
1
1
1
1
1
1
1
1
1
1
1
1
1
1
1
1
1
1
1
1
1
1
1
1
1
1
1
1
1
1
1
1
1
1
1
1
1
1
1
1
1
1
1
1
1
1
1
1
1
1
1
1
1
1
1
1
1
1
1
1
1
1
1
1
1
1
1
1
1
1
1
1
1
1
1
1
1
1
1
1
1
1
1
1
1
1
1
1
1
1
1
1
1
1
1
1
1
1
1
1
1
1
1
1
1
1
1
1
1
1
1
1
1
1
1
1
1
1
1
1
1
1
1
1
1
1
1
1
1
1
1
1
1
1
1
1
1
1
1
1
1
1
1
1
1
1
1
1
1
1
1
1
0
0
0
0
0
0
0
0
0
0
0
0
0
0
0
0
0
0
0
0
0
0
0
0
0
0
0
0
0
0
0
0
0
0
0
0
0
0
0
0
0
0
0
0
0
0
0
0
0
0
0
0
0
0
0
0
0
0
0
0
0
0
0
0
0
0
0
0
0
0
0
0
0
0
0
0
0
0
0
1
1
1
1
1
1
1
1
1
1
1
1
1
1
1
1
1
1
1
1
1
1
1
1
1
1
1
1
1
1
1
1
1
1
1
1
1
1
1
1
1
1
1
1
1
1
1
1
1
1
1
1
1
1
1
1
1
1
1
1
1
1
1
1
1
1
1
1
1
1
1
1
1
1
1
1
1
1
1
1
1
1
1
1
1
1
1
1
1
1
1
1
1
0
0
0
0
0
0
0
0
0
0
0
0
0
0
0
0
0
0
0
0
0
0
0
0
0
0
0
0
0
0
0
0
0
0
0
0
0
0
0
0
0
0
0
0
0
0
0
0
0
0
0
0
0
0
0
0
0
0
0
0
0
0
0
0
0
0
0
0
0
0
0
0
0
0
0
0
0
0
0
0
0
0
0
0
0
0
0
0
0
0
0
0
0
0
0
0
0
0
0
0
0
0
0
0
0
0
0
0
0
0
0
0
0
0
0
0
0
0
0
0
0
0
0
0
0
0
0
0
0
0
0
0
0
0
0
0
0
0
0
0
0
0
0
0
0
0
0
0
0
0
0
0
0
0
0
0
0
0
0
0
0
0
0
0
0
0
0
0
0
0
0
0
0
0
0
0
0
0
0
0
0
0
0
0
0
0
0
0
0
0
0
0
0
0
0
0
0
0
0
1
1
1
1
1
1
1
1
1
1
1
1
1
1
1
1
1
1
1
1
1
1
1
1
1
1
1
1
1
1
1
1
1
1
1
1
1
1
1
1
1
1
1
1
1
1
1
1
1
1
1
1
1
1
1
1
1
1
1
1
1
1
1
1
1
1
1
1
1
1
1
1
1
1
1
1
1
1
1
1
1
1
1
1
1
1
1
1
1
1
1
1
1
1
1
1
1
1
1
1
1
1
1
1
1
1
1
1
1
1
1
1
1
1
1
1
1
1
1
1
1
1
1
1
1
1
1
1
1
1
1
1
1
1
1
1
1
1
1
1
1
1
1
1
1
1
1
1
1
1
1
1
1
1
1
1
1
1
1
1
1
1
1
1
1
1
1
1
1
1
1
1
1
1
1
1
1
1
1
1
1
1
1
1
1
1
1
1
1
1
1
1
1
1
1
1
1
0
0
0
0
0
0
0
0
0
0
0
0
0
0
0
0
0
0
0
0
0
0
0
0
0
0
0
0
0
0
0
0
0
0
0
0
0
0
0
0
0
0
0
0
0
0
0
0
0
0
0
0
0
0
0
0
0
0
0
0
0
0
0
0
0
0
0
0
0
0
0
0
0
0
0
0
0
0
0
0
0
0
0
0
0
0
0
0
0
0
0
0
0
0
0
0
0
0
0
0
0
0
0
0
0
0
0
0
0
0
0
0
0
0
0
0
0
0
0
0
0
0
0
0
0
0
0
0
0
0
0
0
0
0
0
0
0
0
0
0
0
0
0
0
0
0
0
0
0
0
0
0
0
0
0
0
0
0
0
0
0
0
0
0
0
0
0
0
0
0
0
0
0
0
0
0
0
0
0
0
0
0
0
0
0
0
0
0
0
0
0
0
0
0
0
0
0
0
0
0
0
0
0
0
0
0
0
0
0
0
0
0
0
0
0
0
0
0
0
0
0
0
0
0
0
0
0
0
0
0
0
0
0
0
0
0
0
0
0
0
0
0
0
0
0
0
0
0
0
0
0
0
0
0
0
0
0
0
0
0
0
0
0
0
0
0
0
0
0
0
0
0
0
0
0
0
0
0
0
0
0
0
0
0
0
0
0
0
0
0
0
0
0
0
0
0
0
0
0
0
0
0
0
0
0
0
0
0
0
0
0
0
0
0
0
0
0
0
0
0
0
0
0
0
0
0
0
0
0
0
0
0
0
0
0
0
0
0
0
0
0
0
0
0
0
0
0
0
0
0
0
0
0
0
0
0
0
0
0
0
0
0
0
0
0
0
0
0
0
0
0
0
0
0
0
0
0
0
0
0
0
0
0
0
0
0
0
0
0
0
0
0
0
0
0
0
0
0
0
0
0
0
0
0
0
0
0
0
0
0
0
0
0
0
0
0
0
0
0
0
0
0
0
0
0
0
0
0
0
0
0
0
0
0
0
0
0
0
0
0
0
0
0
0
0
0
0
0
0
0
0
0
0
0
0
0
0
0
0
0
0
0
0
0
0
0
0
0
0
0
0
0
0
0
0
0
0
0
0
0
0
0
0
0
0
0
0
0
0
0
0
0
0
0
0
0
0
0
0
0
0
0
0
0
0
0
0
0
0
0
0
0
0
0
0
0
0
0
0
0
0
0
0
0
0
0
0
0
0
0
0
0
0
0
0
0
0
0
0
0
0
0
0
0
0
0
0
0
0
0
0
0
0
0
0
0
0
0
0
0
347
334
399
246
205
166
120
195
87
8
84
96
87
93
80
99
84
96
96
84
96
86
93
80
90
84
96
96
84
96
86
93
80
99
84
95
96
84
96
87
93
80
98
96
85
97
84
96
87
92
81
97
96
85
97
85
96
87
92
82
97
96
85
97
85
96
88
91
83
97
96
84
97
85
95
88
90
83
97
96
84
96
86
94
89
90
83
97
96
84
96
86
94
89
90
83
96
96
84
96
86
94
89
90
83
96
96
84
96
86
94
89
90
83
97
96
84
96
86
94
89
90
83
96
96
84
96
86
94
80
90
83
96
96
84
96
87
93
80
99
84
96
96
84
96
87
93
80
99
84
96
96
84
96
87
93
80
99
84
96
96
84
96
87
93
80
90
84
96
96
84
96
86
93
80
90
84
96
96
84
96
87
93
80
99
84
96
96
84
96
87
93
80
99
84
96
96
84
96
86
93
80
90
84
96
96
84
96
87
93
80
99
84
96
96
84
96
87
93
80
99
84
96
96
84
96
87
93
80
90
84
96
96
84
96
86
93
80
90
84
96
96
84
96
87
93
80
90
84
96
96
84
96
86
93
80
90
84
96
96
84
96
86
93
80
90
83
96
96
84
96
86
94
89
90
83
97
96
84
96
85
95
88
90
83
97
96
84
96
85
95
88
90
83
97
96
84
96
85
95
88
90
83
97
96
84
96
86
95
88
90
83
97
96
84
96
85
95
88
90
83
97
96
85
96
85
95
88
91
83
97
96
85
96
85
96
87
91
83
97
96
85
96
85
96
87
91
83
97
96
85
96
85
96
87
92
82
97
96
85
96
85
96
87
93
80
98
95
95
96
85
96
87
93
80
98
95
95
96
84
96
87
93
80
98
85
96
96
84
96
87
93
80
99
84
96
96
85
96
87
93
80
90
84
96
96
84
96
86
93
80
90
83
96
96
84
96
86
94
89
90
83
97
96
85
96
86
94
89
90
83
97
96
85
96
85
95
88
91
83
97
96
85
96
85
96
87
92
82
97
96
85
96
85
96
87
93
81
97
96
85
96
84
96
87
93
80
98
95
95
96
84
96
87
93
80
99
84
96
96
84
96
86
94
89
90
83
97
96
85
96
86
94
89
90
83
97
96
85
96
86
94
89
90
83
97
96
85
96
85
96
87
92
82
97
96
85
96
85
96
87
93
81
97
96
85
96
84
96
87
93
80
99
84
96
96
84
96
87
93
80
90
83
96
96
85
96
86
94
89
90
83
97
96
85
96
86
95
88
90
83
97
96
85
96
85
96
87
91
82
97
96
85
96
85
96
87
93
80
98
95
95
96
85
96
87
93
80
99
84
96
96
85
96
87
93
80
90
83
96
96
85
96
86
94
80
90
83
97
96
85
96
86
94
89
90
83
97
96
85
96
85
96
87
92
82
97
96
85
96
85
96
87
93
80
98
95
95
96
85
96
87
93
80
90
83
97
96
85
96
86
95
88
91
83
97
96
85
96
85
96
87
92
81
97
96
85
96
84
96
87
93
80
99
84
96
96
85
96
86
93
80
90
83
97
96
85
96
86
95
88
90
83
97
96
85
96
85
96
87
93
81
98
95
95
96
85
96
87
93
80
90
84
96
96
85
96
86
94
89
90
83
97
96
85
96
85
96
87
92
81
97
96
85
96
85
96
87
93
80
99
84
96
96
85
96
86
93
80
90
83
97
96
85
96
86
95
88
91
83
97
96
85
96
85
96
87
93
80
98
95
95
96
85
96
86
94
89
90
83
97
96
85
96
85
95
88
91
83
97
96
85
96
85
96
87
93
81
98
95
95
96
85
96
87
93
80
90
83
96
96
85
96
86
94
88
90
83
97
96
85
96
85
96
87
93
80
98
94
96
96
85
96
86
94
80
90
83
97
96
85
96
85
96
87
92
82
97
96
85
96
85
96
87
93
80
117
161
105
241
265
264
255
243
230
217
211
211
215
211
228
232
231
227
222
223
227
228
225
225
227
225
226
225
225
226
225
226
225
226
225
226
225
226
225
226
226
226
226
225
226
225
226
225
226
225
226
225
226
225
226
225
226
225
226
225
226
225
226
225
226
225
226
225
226
225
226
225
226
225
226
225
226
225
226
225
226
225
226
225
226
225
226
225
226
226
225
226
225
226
225
226
225
226
225
226
225
226
225
226
225
226
225
226
225
226
225
226
225
226
225
226
225
226
226
226
226
225
226
225
226
225
226
225
226
225
226
225
226
225
226
225
226
225
226
225
226
225
226
226
225
226
225
226
225
226
225
226
225
226
225
226
225
226
225
226
225
226
226
225
226
225
226
225
226
225
226
225
226
225
226
225
226
225
226
225
226
225
226
225
226
225
226
226
225
226
225
226
225
226
225
226
225
226
225
226
225
226
225
226
225
226
226
225
226
225
226
225
226
225
226
225
226
225
226
225
226
225
226
226
225
226
225
226
225
226
225
226
225
226
225
226
225
226
225
226
225
226
225
226
226
226
226
225
226
225
226
225
226
225
226
225
226
225
226
225
226
225
226
225
226
226
226
226
225
226
225
226
225
226
225
226
225
226
225
226
225
226
225
226
225
226
225
226
225
226
226
225
226
225
226
225
226
225
226
225
226
225
226
225
226
225
226
225
226
226
225
226
225
226
225
226
225
226
225
226
225
226
225
226
225
226
225
226
225
226
226
225
226
225
226
225
226
225
226
225
226
225
226
225
226
225
226
225
226
226
225
226
225
226
225
226
225
226
225
226
225
226
225
226
225
226
225
226
226
225
226
225
226
225
226
225
226
225
226
225
226
225
226
225
226
225
226
225
226
225
226
225
226
226
225
226
225
226
225
226
225
226
225
226
225
226
225
226
225
226
225
226
225
226
226
225
226
225
226
225
226
225
226
225
226
225
226
225
226
225
226
225
226
226
226
226
225
226
225
226
225
226
225
226
225
226
225
226
225
226
225
226
225
226
225
226
225
226
226
225
226
225
226
225
226
225
226
225
226
225
226
225
226
225
226
225
226
226
225
226
225
226
225
226
225
226
225
226
225
226
225
226
225
226
225
226
226
226
226
225
226
225
226
225
226
225
226
225
226
225
226
225
226
225
226
225
226
225
226
226
225
226
225
226
225
226
225
226
225
226
225
226
225
226
225
226
225
226
226
225
226
225
226
225
226
225
226
225
226
225
226
225
226
225
226
225
226
225
226
226
225
226
225
226
225
226
225
226
225
226
225
226
225
226
225
226
226
225
226
225
226
225
226
225
226
225
226
225
226
225
226
225
226
225
226
226
225
226
225
226
225
226
225
226
225
226
225
226
225
226
225
226
225
226
225
226
226
225
226
225
226
225
226
225
226
225
226
225
226
225
226
225
226
225
226
225
226
226
225
226
225
226
225
226
225
226
225
226
225
226
225
226
225
226
225
226
226
225
226
225
226
225
226
225
226
225
226
225
226
225
226
225
226
226
225
226
225
226
225
226
225
226
225
226
225
226
225
226
225
226
226
226
226
225
226
225
226
225
226
225
226
225
226
225
226
225
226
225
226
225
226
225
226
226
225
226
225
226
225
226
225
226
225
226
225
226
225
226
225
226
225
226
225
226
225
226
226
225
226
225
226
225
226
225
226
225
226
225
226
225
226
225
226
225
226
225
226
226
225
226
225
226
225
226
225
226
225
226
225
226
225
226
225
226
225
226
226
225
226
225
226
225
226
225
226
225
226
225
226
225
226
225
226
225
226
226
225
226
225
226
225
226
225
226
225
226
225
226
225
226
225
226
225
226
225
226
226
225
226
225
226
225
226
225
226
225
226
225
226
225
226
225
226
225
226
226
225
226
225
226
225
226
225
226
225
226
225
226
225
226
225
226
225
226
226
225
226
225
226
225
226
225
226
225
226
225
226
225
226
225
226
225
226
225
226
226
225
226
225
226
225
226
225
226
225
226
225
226
225
226
225
226
226
226
226
225
226
225
226
225
226
225
226
225
226
225
226
225
226
225
226
226
225
226
225
226
225
226
225
226
225
226
225
226
225
226
225
226
225
226
226
225
226
225
226
225
226
225
226
225
226
225
226
225
226
225
226
225
226
226
232
267
284
311
339
344
342
335
325
315
306
305
307
313
319
321
318
313
314
317
317
315
316
316
315
316
315
316
315
316
315
316
315
316
315
316
315
316
315
316
316
315
316
315
316
315
316
315
316
315
316
315
316
315
316
315
316
315
316
316
315
316
315
316
315
316
315
316
315
316
316
315
316
315
316
315
316
315
316
315
316
315
316
316
316
316
315
316
315
316
315
316
315
316
315
316
315
316
316
315
316
315
316
315
316
315
316
315
316
315
316
315
316
316
315
316
315
316
315
316
315
316
315
316
315
316
316
315
316
315
316
315
316
315
316
315
316
315
316
315
316
316
315
316
315
316
315
316
315
316
315
316
316
315
316
315
316
315
316
315
316
315
316
315
316
316
316
316
315
316
315
316
315
316
315
316
315
316
316
316
316
315
316
315
316
315
316
315
316
315
316
315
316
316
315
316
315
316
315
316
315
316
315
316
315
316
316
315
316
315
316
315
316
315
316
315
316
315
316
316
315
316
315
316
315
316
315
316
315
316
315
316
315
316
316
315
316
315
316
315
316
315
316
315
316
315
316
316
315
316
315
316
315
316
315
316
315
316
315
316
316
315
316
315
316
315
316
315
316
315
316
315
316
315
316
316
316
316
315
316
315
316
315
316
315
316
315
316
315
316
316
315
316
315
316
315
316
315
316
315
316
315
316
315
316
316
315
316
315
316
315
316
315
316
315
316
315
316
316
319
322
321
319
310
321
320
321
320
321
320
321
320
321
320
321
320
321
320
321
320
321
320
321
320
321
320
321
320
320
320
320
321
320
321
320
321
320
321
320
321
320
321
320
321
320
321
320
321
320
321
320
321
320
321
320
320
320
320
320
320
321
320
321
320
321
320
321
320
321
320
321
320
321
320
321
320
321
320
321
320
321
320
321
320
321
320
321
320
320
320
320
320
320
321
320
321
320
321
320
321
320
321
320
321
320
321
320
321
320
321
320
321
320
321
320
321
320
321
320
321
320
321
320
320
320
320
321
320
321
320
321
320
321
320
321
320
321
320
321
320
321
320
321
320
321
320
321
320
321
320
321
320
321
320
320
320
320
320
320
321
320
321
320
321
320
321
320
321
320
321
320
321
320
321
320
321
320
321
320
321
320
321
320
321
320
321
320
321
320
321
320
321
320
320
320
320
321
320
321
320
321
320
321
320
321
320
321
320
321
318
314
313
316
317
315
316
316
315
316
315
316
315
316
315
316
315
316
316
315
316
315
316
315
316
315
316
315
316
315
316
315
316
316
315
316
315
316
315
316
315
316
315
316
315
316
315
316
316
315
316
315
316
315
316
315
316
315
316
315
316
316
315
316
315
316
315
316
315
316
315
316
315
316
316
316
316
315
316
315
316
315
316
315
316
315
316
315
316
316
315
316
315
316
315
316
315
316
315
316
315
316
316
316
316
315
316
315
316
315
316
315
316
315
316
316
315
316
315
316
315
316
315
316
315
316
315
316
315
316
316
315
316
315
316
315
316
315
316
315
316
315
316
316
315
316
315
316
315
316
315
316
315
316
315
316
316
315
316
315
316
315
316
315
316
315
316
316
315
316
315
316
315
316
315
316
315
316
315
316
316
316
316
315
316
315
316
315
316
315
316
315
316
315
316
316
315
316
315
316
315
316
315
316
315
316
316
315
316
315
316
315
316
315
316
315
316
316
315
316
315
316
315
316
315
316
315
316
315
316
316
315
316
315
316
315
316
315
316
315
316
315
316
316
315
316
315
316
315
316
315
316
315
316
315
316
315
316
316
315
316
315
316
315
316
313
391
274
247
210
208
195
190
207
218
229
236
237
234
239
222
221
223
228
228
225
224
226
226
225
226
225
226
225
226
225
226
225
226
225
226
225
226
225
226
225
226
225
226
225
226
225
226
225
226
225
226
225
226
225
226
225
226
225
226
225
226
225
226
225
226
225
226
225
226
226
226
226
225
226
225
226
225
226
225
226
225
226
225
226
225
226
225
226
225
226
225
226
225
226
225
226
225
226
226
225
226
225
226
225
226
225
226
225
226
225
226
225
226
225
226
225
226
225
226
225
226
226
225
226
225
226
225
226
225
226
225
226
225
226
225
226
225
226
225
226
225
226
225
226
225
226
226
225
226
225
226
225
226
225
226
225
226
225
226
225
226
225
226
225
226
225
226
225
226
225
226
226
225
226
225
226
225
226
225
226
225
226
225
226
225
226
225
226
225
226
225
226
226
225
226
225
226
225
226
225
226
225
226
225
226
225
226
225
226
225
226
225
226
226
225
226
225
226
225
226
225
226
225
226
225
226
225
226
225
226
225
226
226
226
226
225
226
225
226
225
226
225
226
225
226
225
226
225
226
225
226
225
226
225
226
225
226
226
225
226
225
226
225
226
225
226
225
226
225
226
225
226
225
226
225
226
225
226
225
226
226
225
226
225
226
225
226
225
226
225
226
225
226
225
226
225
226
225
226
226
225
226
225
226
225
226
225
226
225
226
225
226
225
226
225
226
226
225
226
225
226
225
226
225
226
225
226
225
226
225
226
225
226
225
226
226
225
226
225
226
225
226
225
226
225
226
225
226
225
226
225
226
225
226
226
225
226
225
226
225
226
225
226
225
226
225
226
225
226
225
226
225
226
225
226
226
225
226
225
226
225
226
225
226
225
226
225
226
225
226
225
226
225
226
225
226
226
225
226
225
226
225
226
225
226
225
226
225
226
225
226
225
226
225
226
225
226
225
226
226
225
226
225
226
225
226
225
226
225
226
225
226
225
226
225
226
225
226
226
225
226
225
226
225
226
225
226
225
226
225
226
225
226
225
226
225
226
225
226
225
226
226
225
226
225
226
225
226
225
226
225
226
225
226
225
226
225
226
225
226
226
225
226
225
226
225
226
225
226
225
226
225
226
225
226
225
226
225
226
226
225
226
225
226
225
226
225
226
225
226
225
226
225
226
225
226
225
226
225
226
226
226
226
225
226
225
226
225
226
225
226
225
226
225
226
225
226
225
226
225
226
226
225
226
225
226
225
226
225
226
225
226
225
226
225
226
225
226
225
226
225
226
226
225
226
225
226
225
226
225
226
225
226
225
226
225
226
225
226
225
226
225
226
226
225
226
225
226
225
226
225
226
225
226
225
226
225
226
225
226
225
226
225
226
226
225
226
225
226
225
226
225
226
225
226
225
226
225
226
225
219
178
134
193
67
51
54
63
75
88
90
105
105
102
95
87
84
86
90
94
93
90
90
92
91
90
91
90
91
90
91
90
91
90
91
91
90
91
90
91
90
91
90
91
90
91
90
91
90
91
90
91
90
91
90
91
90
91
90
91
90
91
90
91
90
91
90
91
90
91
90
91
90
91
90
91
90
91
90
91
90
91
91
90
91
90
91
90
91
90
91
90
91
90
91
90
91
90
91
90
91
90
91
90
91
90
91
90
91
90
91
90
91
90
91
90
91
90
91
90
91
90
91
90
91
90
91
90
91
90
91
90
91
90
91
90
91
90
91
90
91
90
91
90
91
91
91
91
90
91
90
91
90
91
90
91
90
91
90
91
90
91
90
91
90
91
90
91
90
91
90
91
90
91
90
91
90
91
90
91
90
91
90
91
90
91
90
91
90
91
90
91
90
91
90
91
90
91
90
91
90
91
90
91
91
91
91
90
91
90
91
90
91
90
91
90
91
90
91
90
91
90
91
90
91
90
91
90
91
90
91
90
91
90
91
90
91
90
91
90
91
90
91
90
91
90
91
90
91
90
91
90
91
90
91
90
91
90
91
91
90
91
90
91
90
91
90
91
90
91
90
91
90
91
90
91
90
91
90
91
90
91
90
91
90
91
90
91
90
91
90
91
90
91
90
91
90
91
90
91
90
91
90
91
91
91
91
91
91
90
91
90
91
90
91
90
91
90
91
90
91
90
91
90
91
90
91
90
91
90
91
90
91
90
91
90
91
90
91
90
91
90
91
90
91
90
91
90
91
90
91
90
91
90
91
90
91
90
91
90
91
90
91
90
91
90
91
90
91
91
91
91
90
91
90
91
90
91
90
91
90
91
90
91
90
91
90
91
90
91
90
91
90
91
90
91
90
91
90
91
90
91
90
91
90
91
90
91
90
91
90
91
90
91
90
91
90
91
90
91
90
91
90
91
91
91
91
90
91
90
91
90
91
90
91
90
91
90
91
90
91
90
91
90
91
90
91
90
91
90
91
90
91
90
91
90
91
90
91
90
91
90
91
90
91
90
91
90
91
90
91
91
90
91
90
91
90
91
90
91
90
91
90
91
90
91
90
91
90
91
90
91
90
91
90
91
90
91
90
91
90
91
90
91
90
91
90
91
90
91
90
91
90
91
90
91
90
91
90
91
90
91
90
91
90
91
90
91
91
91
91
90
91
90
91
90
91
90
91
90
91
90
91
90
91
90
91
90
91
90
91
90
91
90
91
90
91
90
91
90
91
90
91
90
91
90
91
90
91
90
91
90
91
90
91
91
91
91
91
91
90
91
90
91
90
91
90
91
90
91
90
91
90
91
90
91
90
91
90
91
90
91
90
91
90
91
90
91
90
91
90
91
90
91
90
91
90
91
90
91
90
91
90
91
90
91
90
91
91
90
91
90
91
90
91
90
91
90
91
90
91
90
91
90
91
90
91
90
91
90
91
90
91
90
91
90
91
90
91
90
91
90
91
90
91
90
91
90
91
90
91
90
91
90
91
90
91
90
91
90
91
90
91
90
91
90
91
91
91
91
90
91
90
91
90
91
90
91
90
91
90
91
90
91
90
91
90
91
90
91
90
91
90
91
90
91
90
91
90
91
90
91
90
91
90
91
90
91
90
91
90
91
90
91
90
91
91
91
91
90
91
90
91
90
91
90
91
90
91
90
91
90
91
90
91
90
91
90
91
90
91
90
91
90
91
90
91
90
91
90
91
90
91
90
91
90
91
90
91
90
91
90
91
91
90
91
90
91
90
91
90
91
90
91
90
91
90
91
90
91
90
91
90
91
90
91
90
91
90
91
90
91
90
91
90
91
90
91
90
91
90
91
90
91
90
91
90
91
90
91
90
91
91
90
91
90
91
90
91
90
91
90
91
90
91
90
91
90
91
90
91
90
91
90
91
90
91
90
91
90
91
90
91
90
91
90
91
90
91
90
91
90
91
90
91
90
91
90
91
90
91
90
91
91
90
91
90
91
90
91
90
91
90
91
90
91
90
91
90
91
90
91
90
91
90
91
90
91
90
91
90
91
90
91
90
91
90
91
90
91
90
91
90
91
90
91
90
91
90
91
90
91
90
91
90
91
90
91
91
91
91
90
91
90
91
90
91
90
91
90
91
90
91
90
91
90
91
90
91
90
91
90
91
90
91
90
91
90
91
90
91
90
91
90
91
90
91
90
91
90
91
90
91
90
91
90
91
90
91
90
91
90
91
91
91
91
90
91
90
91
90
91
90
91
90
91
90
91
90
91
90
91
90
91
90
91
90
91
90
91
90
91
90
91
90
91
90
91
90
91
90
91
90
91
90
91
90
91
90
91
91
90
91
90
91
90
91
90
91
90
91
90
91
90
91
90
91
90
91
90
91
90
91
90
91
90
91
90
91
90
91
90
91
90
91
90
91
90
91
90
91
90
91
90
91
90
91
90
91
90
91
90
91
90
91
90
91
90
91
91
91
91
90
91
90
91
90
91
90
91
90
91
90
91
90
91
90
91
90
91
90
91
90
91
90
91
90
91
90
91
90
91
90
91
90
91
90
91
90
91
90
91
90
91
90
91
90
91
90
91
90
91
90
91
90
91
91
90
91
90
91
90
91
90
91
90
91
90
91
90
91
90
91
90
91
90
91
90
91
90
91
90
91
90
91
90
91
90
91
90
91
90
91
90
91
90
91
90
91
90
91
90
91
90
91
90
91
90
91
90
91
90
91
90
91
90
91
90
91
90
91
90
91
90
91
91
91
91
90
91
90
91
90
91
90
91
90
91
90
91
90
91
90
91
90
91
90
91
90
91
90
91
90
91
90
91
90
91
90
91
90
91
90
91
90
91
90
91
90
91
90
91
90
91
90
91
90
91
90
91
90
91
90
91
90
91
91
90
91
90
91
90
91
90
91
90
91
90
91
90
91
90
91
90
91
90
91
90
91
90
91
90
91
90
91
90
91
90
91
90
91
90
91
90
91
90
91
90
91
90
91
90
91
90
91
91
90
91
90
91
90
91
90
91
90
91
90
91
90
91
90
91
90
91
90
91
90
91
90
91
90
91
90
91
90
91
90
91
90
91
90
91
90
91
90
91
90
91
90
91
90
91
90
91
91
90
91
90
91
90
91
90
91
90
91
90
91
90
91
90
91
90
91
90
91
90
91
90
91
90
91
90
91
90
91
90
91
90
91
90
91
90
91
90
91
90
91
90
91
90
91
90
91
90
91
90
91
91
90
91
90
91
90
91
90
91
90
91
90
91
90
91
90
91
90
91
90
91
90
91
90
91
90
91
90
91
90
91
90
91
90
91
90
91
90
91
90
91
90
91
90
91
90
91
90
91
90
91
90
91
90
91
91
91
91
90
91
90
91
90
91
90
91
90
91
90
91
90
91
90
91
90
91
90
91
90
91
90
91
90
91
90
91
90
91
90
91
90
91
90
91
90
91
90
91
90
91
90
91
90
91
90
91
90
91
90
91
90
91
90
91
90
91
90
91
91
91
91
91
91
90
91
90
91
90
91
90
91
90
91
90
91
90
91
90
91
90
91
90
91
90
91
90
91
90
91
90
91
90
91
90
91
90
91
90
91
90
91
90
91
90
91
90
91
91
91
91
90
91
90
91
90
91
90
91
90
91
90
91
90
91
90
91
90
91
90
91
90
91
90
91
90
91
90
91
90
91
90
91
90
91
90
91
90
91
90
91
90
91
90
91
90
91
90
91
90
91
90
91
90
91
90
91
90
91
90
91
91
91
91
90
91
90
91
90
91
90
91
90
91
90
91
90
91
90
91
90
91
90
91
90
91
90
91
90
91
90
91
90
91
90
91
90
91
90
91
90
91
90
91
90
91
90
91
90
91
90
91
90
91
90
91
90
91
91
91
91
90
91
90
91
90
91
90
91
90
91
90
91
90
91
90
91
90
91
90
91
90
91
90
91
90
91
90
91
90
91
90
91
90
91
90
91
90
91
90
91
90
91
90
91
90
91
90
91
90
91
91
90
91
90
91
90
91
90
91
90
91
90
91
90
91
90
91
90
91
90
91
90
91
90
91
90
91
90
91
90
91
90
91
90
91
90
91
90
91
90
91
90
91
90
91
90
91
90
91
91
90
91
90
91
90
91
90
91
90
91
90
91
90
91
90
91
90
91
90
91
90
91
90
91
90
91
90
91
90
91
90
91
90
91
90
91
90
91
90
91
90
91
90
91
90
91
90
91
90
91
90
91
91
91
91
90
91
90
91
90
91
90
91
90
91
90
91
90
91
90
91
90
91
90
91
90
91
90
91
90
91
90
91
90
91
90
91
90
91
90
91
90
91
90
91
90
91
90
91
90
91
91
90
91
90
91
90
91
90
91
90
91
90
91
90
91
90
91
90
91
90
91
90
91
90
91
90
91
90
91
90
91
90
91
90
91
90
91
90
91
90
91
90
91
90
91
90
91
90
91
90
91
90
91
91
91
91
90
91
90
91
90
91
90
91
90
91
90
91
90
91
90
91
90
91
90
91
90
91
90
91
90
91
90
91
90
91
90
91
90
91
90
91
90
91
90
91
90
91
90
91
90
91
91
91
91
90
91
90
91
90
91
90
91
90
91
90
91
90
91
90
91
90
91
90
91
90
91
90
91
90
91
90
91
90
91
90
91
90
91
90
91
90
91
90
91
90
91
90
91
90
91
90
91
90
91
90
91
91
91
91
90
91
90
91
90
91
90
91
90
91
90
91
90
91
90
91
90
91
90
91
90
91
90
91
90
91
90
91
90
91
90
91
90
91
90
91
90
91
90
91
90
91
90
91
90
91
90
91
90
91
90
91
90
91
91
91
91
90
91
90
91
90
91
90
91
90
91
90
91
90
91
90
91
90
91
90
91
90
91
90
91
90
91
90
91
90
91
90
91
90
91
90
91
90
91
90
91
90
91
90
91
90
91
90
91
91
91
91
90
91
90
91
90
91
90
91
90
91
90
91
90
91
90
91
90
91
90
91
90
91
90
91
90
91
90
91
90
91
90
91
90
91
90
91
90
91
90
91
90
91
90
91
90
91
90
91
90
91
91
90
91
90
91
90
91
90
91
90
91
90
91
90
91
90
91
90
91
90
91
90
91
90
91
90
91
90
91
90
91
90
91
90
91
90
91
90
91
90
91
90
91
90
91
90
91
90
91
90
91
91
90
91
90
91
90
91
90
91
90
91
90
91
90
91
90
91
90
91
90
91
90
91
90
91
90
91
90
91
90
91
90
91
90
91
90
91
90
91
90
91
90
91
90
91
90
91
90
91
90
91
90
91
91
91
91
90
91
90
91
90
91
90
91
90
91
90
91
90
91
90
91
90
91
90
91
90
91
90
91
90
91
90
91
90
91
90
91
90
91
90
91
90
91
90
91
90
91
90
91
90
91
90
91
90
91
90
91
91
91
91
90
91
90
91
90
91
90
91
90
91
90
91
90
91
90
91
90
91
90
91
90
91
90
91
90
91
90
91
90
91
90
91
90
91
90
91
90
91
90
91
90
91
90
91
90
91
90
91
90
91
90
91
90
91
90
91
91
91
91
90
91
90
91
90
91
90
91
90
91
90
91
90
91
90
91
90
91
90
91
90
91
90
91
90
91
90
91
90
91
90
91
90
91
90
91
90
91
90
91
90
91
90
91
90
91
90
91
91
90
91
90
91
90
91
90
91
90
91
90
91
90
91
90
91
90
91
90
91
90
91
90
91
90
91
90
91
90
91
90
91
90
91
90
91
90
91
90
0
0
0
0
0
0
0
0
0
0
0
0
0
0
0
0
0
0
0
0
0
0
0
0
0
0
0
0
0
0
0
0
0
0
0
0
0
0
0
0
0
0
0
0
0
0
0
0
0
0
0
0
0
28
74
110
133
139
129
117
92
80
74
75
79
86
95
98
97
92
88
88
92
93
90
90
92
91
90
91
90
91
90
91
90
91
90
91
90
91
90
91
90
91
90
91
90
91
90
91
90
91
90
91
90
91
90
91
90
91
90
91
90
90
90
90
91
90
91
90
91
90
91
90
91
90
91
90
91
90
91
90
91
90
91
90
91
90
91
90
91
90
91
90
91
90
91
90
91
90
91
90
91
90
91
90
91
90
91
90
91
90
91
90
91
90
91
90
91
90
91
90
91
90
91
90
91
90
90
90
90
90
90
91
90
91
90
91
90
91
90
91
90
90
90
91
90
91
90
91
90
91
90
91
90
91
90
91
90
91
90
91
90
3
145
187
227
251
264
268
258
235
222
213
210
212
218
225
231
232
239
224
222
224
227
227
225
225
227
225
226
225
226
225
225
226
225
226
225
226
225
226
225
226
225
226
225
226
225
226
225
226
225
226
225
226
225
225
225
225
226
225
226
225
226
225
226
225
226
225
226
225
226
225
226
225
226
225
226
225
226
225
226
225
226
225
226
225
226
225
226
225
226
225
226
225
226
225
226
225
226
225
226
225
226
225
226
225
226
225
226
225
226
225
226
225
226
225
225
225
225
226
225
226
225
226
225
226
225
226
225
226
225
226
225
226
225
226
225
226
225
226
225
226
225
226
225
226
225
226
225
226
225
226
225
226
225
226
225
226
225
226
225
226
225
226
225
226
225
226
225
226
225
226
225
226
225
226
225
226
225
226
225
226
225
226
225
226
225
225
225
225
226
225
226
225
226
225
226
225
226
225
226
225
226
225
226
225
226
225
226
225
226
225
226
225
226
225
226
225
226
225
226
225
226
225
226
225
226
225
226
225
226
225
226
225
226
225
226
225
225
226
225
226
225
226
225
226
225
226
225
226
225
226
225
226
225
226
225
226
225
226
225
226
225
226
225
226
225
226
225
226
225
226
225
226
225
226
225
226
225
226
225
226
225
225
225
225
226
225
226
225
226
225
226
225
226
225
226
225
226
225
226
225
226
225
226
225
226
225
226
225
226
225
226
225
226
225
226
225
226
225
226
225
226
225
226
225
226
225
225
225
225
226
225
226
225
226
225
226
225
226
225
226
216
174
130
89
55
50
57
66
79
93
3
106
105
109
92
85
84
86
92
94
92
89
80
92
91
90
91
90
91
90
90
90
90
91
90
91
90
91
90
91
90
91
90
91
90
91
90
91
90
91
90
91
90
91
90
91
90
91
90
91
90
91
90
91
90
91
90
91
90
91
90
91
90
91
90
91
90
91
90
91
90
91
90
91
90
91
90
91
90
91
90
91
90
91
90
91
90
91
90
91
90
91
90
91
90
91
90
91
90
91
90
91
90
91
90
91
90
91
90
91
90
91
90
91
90
91
90
91
90
91
90
91
90
91
90
91
90
91
90
91
90
91
90
91
90
91
90
91
90
91
90
91
90
91
90
91
90
91
90
91
90
91
90
91
90
91
90
91
90
91
90
91
90
91
90
91
90
91
90
91
90
91
90
91
90
91
90
91
90
91
90
91
90
91
90
91
90
91
90
91
90
91
90
91
90
300
1
4
8
13
18
24
20
36
41
45
49
52
55
57
58
59
59
59
59
59
59
59
59
59
59
59
59
59
59
59
59
59
59
59
59
59
59
59
59
59
59
59
59
59
59
59
59
59
59
59
59
59
59
59
59
59
59
59
59
59
59
59
59
59
59
59
59
59
59
59
59
59
59
59
59
59
59
59
59
59
59
59
59
59
59
59
59
59
59
59
59
59
59
59
59
59
59
59
59
59
59
59
59
59
59
59
59
59
59
59
59
59
59
59
59
59
59
59
59
59
59
59
59
59
59
59
59
59
59
59
59
59
59
59
59
59
59
59
59
59
59
59
59
59
59
59
59
59
59
59
59
59
59
59
59
59
59
59
59
59
59
59
59
59
59
59
59
59
59
59
59
59
59
59
59
59
59
59
59
59
59
59
59
59
59
59
59
59
59
59
59
59
59
59
59
59
59
59
59
59
59
59
59
59
59
59
59
59
59
59
59
59
59
59
59
59
59
59
59
59
59
59
59
59
59
59
59
59
59
59
59
59
59
59
59
59
59
59
59
59
59
59
59
59
59
59
59
59
59
59
59
59
59
59
59
59
59
59
59
59
59
59
59
59
59
59
59
59
59
59
59
59
59
59
59
59
59
59
59
59
59
59
59
59
59
59
59
59
59
59
59
59
59
59
59
59
59
59
59
59
59
59
59
59
59
59
59
59
59
59
59
59
59
59
59
59
59
59
59
59
59
59
59
59
59
59
59
59
59
59
59
59
59
59
59
59
59
59
59
59
59
59
59
59
59
59
59
59
59
59
59
59
59
59
59
59
59
59
59
59
59
59
59
59
59
59
59
59
59
59
59
59
59
59
59
65
85
135
181
240
261
256
235
214
219
229
228
224
227
225
226
225
226
226
225
226
226
225
225
226
225
225
226
225
225
226
226
225
226
226
225
226
226
225
225
226
225
225
226
225
225
226
225
225
226
226
225
226
226
225
225
226
225
225
226
225
225
226
226
225
226
226
225
225
226
225
225
226
225
225
226
226
225
226
226
225
226
226
225
225
226
225
225
226
225
225
226
226
225
226
226
225
225
226
225
225
226
225
225
226
226
225
225
226
225
225
226
225
225
226
226
225
226
226
225
225
226
225
225
226
225
225
226
226
225
226
226
225
225
226
225
225
226
226
225
226
226
225
226
226
225
225
226
225
225
226
226
225
226
226
225
226
226
225
225
226
225
225
226
226
225
226
226
225
225
226
225
225
226
225
225
226
225
225
226
226
225
226
226
225
225
226
225
225
226
226
225
226
226
225
226
226
225
225
226
225
225
226
225
225
226
226
225
226
214
171
126
85
54
53
51
62
86
99
105
105
101
94
86
84
87
91
94
92
89
90
92
90
90
91
90
91
90
91
90
91
90
91
90
91
90
91
90
91
90
91
90
91
90
91
90
91
90
91
90
91
90
91
90
91
90
91
90
91
90
91
90
91
90
91
90
91
90
91
90
90
91
90
91
90
91
90
91
90
91
90
91
90
91
90
91
90
91
90
91
90
91
90
91
90
91
90
91
90
91
90
91
90
91
90
91
90
91
90
91
90
91
90
91
90
91
90
91
90
91
90
91
90
91
90
91
90
91
90
91
90
91
90
91
90
91
90
91
90
91
90
91
90
91
90
91
90
91
90
91
90
91
90
91
90
91
90
91
90
91
90
91
90
91
92
91
114
129
144
151
152
158
141
132
129
129
133
138
139
136
133
135
137
135
135
136
135
136
135
136
135
136
135
136
135
136
135
136
135
136
135
136
135
136
135
136
136
135
136
135
136
135
136
135
136
135
136
135
136
135
136
136
135
136
135
136
135
136
135
136
135
136
135
136
135
136
135
136
135
136
135
136
135
136
135
136
135
136
135
136
135
136
135
136
135
136
135
136
135
136
135
136
135
136
135
136
135
136
135
136
135
136
135
136
135
136
135
136
135
136
135
135
136
135
136
135
136
135
136
135
136
135
136
135
136
135
136
135
136
135
136
135
136
135
136
135
136
135
136
135
136
135
136
135
136
135
136
135
136
135
136
135
136
135
136
135
136
135
136
135
136
135
136
135
135
136
135
136
135
136
135
136
135
136
135
136
135
136
135
135
126
113
108
83
75
73
77
84
93
97
97
93
88
87
90
93
90
90
91
91
90
91
90
91
90
91
90
91
90
91
90
91
90
91
90
91
90
91
90
91
90
91
90
91
90
91
90
91
90
91
90
91
90
91
90
91
90
91
90
91
90
91
90
91
90
91
90
91
90
91
90
91
90
91
90
91
90
91
90
91
90
91
90
91
90
91
90
91
90
91
90
91
90
91
90
91
90
91
90
91
90
91
90
91
90
91
90
91
90
91
90
91
90
91
90
91
90
91
90
91
90
91
90
91
90
91
90
91
90
90
91
90
91
90
91
90
91
90
91
90
91
90
91
90
91
90
91
90
91
90
91
90
91
90
91
90
91
90
91
90
91
90
91
90
91
90
91
98
101
124
130
140
152
150
144
135
139
129
132
138
139
137
134
135
137
136
135
136
135
136
135
136
135
136
136
135
136
135
130
141
165
170
192
197
195
191
183
175
174
175
170
184
183
189
179
182
181
180
181
181
180
181
180
181
180
181
180
181
180
181
180
181
180
181
180
181
180
181
180
181
180
181
180
181
180
181
180
181
180
181
180
181
180
181
180
180
181
180
181
180
181
180
181
180
181
180
181
180
181
180
181
180
181
180
181
180
181
180
181
180
181
180
181
180
181
180
181
180
181
180
181
181
180
181
180
181
180
181
180
181
180
181
180
181
180
181
180
181
180
181
180
181
180
181
180
181
180
181
180
181
180
181
180
181
180
181
180
181
180
181
180
181
180
181
180
181
180
181
180
180
181
180
181
180
181
180
181
180
181
180
181
180
181
180
181
180
181
180
181
180
181
180
181
180
181
180
181
180
181
180
181
180
181
180
181
180
181
180
181
180
181
180
181
180
181
180
181
180
181
180
188
220
275
318
355
206
34
79
122
165
105
242
284
338
348
312
315
326
315
324
316
324
317
321
318
329
311
317
323
317
322
318
321
311
328
323
317
322
318
320
311
328
323
317
323
318
321
311
328
323
317
322
318
329
311
317
323
318
321
310
328
322
317
323
318
321
311
328
323
317
322
318
329
311
318
323
317
321
319
328
312
317
323
318
321
311
328
323
317
322
318
320
311
328
323
317
322
318
320
311
328
323
317
322
319
328
312
317
323
318
321
310
328
322
317
323
318
321
311
328
323
317
322
318
329
311
317
323
318
321
319
328
322
317
323
318
321
311
328
323
317
322
318
329
311
318
323
317
321
319
328
312
317
323
318
321
311
328
323
317
322
318
320
311
328
323
317
322
318
329
311
317
323
318
321
310
328
322
317
323
318
321
311
328
323
317
322
318
329
311
318
323
318
321
319
327
392
253
267
279
265
275
267
274
268
271
262
278
273
269
270
273
268
273
260
279
273
268
272
261
278
273
269
270
273
278
273
260
270
273
268
273
260
279
273
268
271
272
278
273
269
270
273
268
273
260
279
273
268
272
262
278
273
269
270
273
268
273
261
238
210
229
230
221
230
222
229
224
228
226
225
228
223
229
224
227
227
224
229
223
228
225
226
228
224
229
223
228
225
225
228
223
228
224
228
226
225
228
223
228
224
227
227
224
229
223
228
225
226
228
223
229
223
228
225
225
228
223
229
223
228
225
225
228
224
229
223
228
217
172
127
85
54
52
50
62
86
99
105
105
102
94
87
84
87
93
94
92
89
80
92
91
90
92
90
91
90
91
91
91
91
91
91
91
91
91
91
91
90
91
90
91
90
91
90
91
90
91
90
91
90
91
90
91
90
91
90
91
90
91
90
91
90
91
90
91
90
91
90
91
90
91
90
91
90
91
91
90
91
90
91
90
91
90
91
90
91
90
91
90
91
90
91
90
91
90
91
91
90
91
90
91
90
91
90
91
90
91
90
91
90
91
91
90
91
90
91
90
91
90
91
90
91
90
91
90
91
90
91
90
91
90
91
91
90
91
90
91
90
91
90
91
90
91
90
91
90
91
90
91
90
91
91
90
91
90
91
90
91
90
91
90
91
90
91
90
91
90
91
91
90
91
90
91
90
91
90
91
90
91
90
91
90
91
90
91
91
90
91
90
91
90
91
90
91
90
91
90
91
90
91
90
91
91
90
91
90
91
90
91
90
91
90
91
90
91
90
91
90
91
90
91
91
90
91
90
91
90
91
90
91
90
91
90
91
90
91
90
91
91
90
91
90
91
90
91
90
91
90
91
90
91
90
91
90
91
90
91
91
90
91
90
91
90
91
90
91
90
91
90
91
90
91
90
91
90
91
91
90
91
90
91
90
91
90
91
90
91
90
91
90
91
90
91
91
90
91
90
91
90
91
90
91
90
91
90
91
90
91
90
91
91
90
91
90
91
90
91
90
91
90
91
90
91
90
91
90
91
91
90
91
90
91
90
91
90
91
90
91
90
91
90
91
90
91
90
91
91
90
91
90
91
90
91
90
91
90
91
90
91
90
91
91
90
91
90
91
90
91
90
91
90
91
90
91
90
91
90
91
91
90
91
90
91
90
